0.815000,0.185000,0.672347,0.327653,0.579998,0.420002,0.989316,0.010684,0.557359,0.442641,0.994898,0.005102,0.001755,0.998245,0.974095,0.025905,1.000000,0.000000,0.779435,0.220565,1.000000,0.000000
0.790000,0.210000,0.672347,0.327653,0.579998,0.420002,0.999178,0.000822,0.732819,0.267181,0.996279,0.003721,0.000009,0.999991,0.920308,0.079692,1.000000,0.000000,0.776674,0.223326,1.000000,0.000000
0.305000,0.695000,0.672347,0.327653,0.579998,0.420002,0.624012,0.375988,0.557359,0.442641,0.993557,0.006443,0.000000,1.000000,0.974868,0.025132,1.000000,0.000000,0.777829,0.222171,1.000000,0.000000
0.820000,0.180000,0.672347,0.327653,0.579998,0.420002,0.999728,0.000272,0.557359,0.442641,0.999089,0.000911,0.001304,0.998696,0.983173,0.016827,1.000000,0.000000,0.777139,0.222861,1.000000,0.000000
0.035000,0.965000,0.000000,1.000000,0.000000,1.000000,0.000000,1.000000,0.000000,1.000000,0.000000,1.000000,0.000000,1.000000,0.000000,1.000000,0.000000,1.000000,0.000000,1.000000,0.000000,1.000000
0.700000,0.300000,1.000000,0.000000,0.000000,1.000000,0.000000,1.000000,0.000000,1.000000,0.000000,1.000000,0.000000,1.000000,0.000000,1.000000,0.000000,1.000000,0.000000,1.000000,1.000000,0.000000
0.870000,0.130000,0.672347,0.327653,0.579998,0.420002,1.000000,0.000000,0.675729,0.324271,0.999544,0.000456,0.000011,0.999989,0.962185,0.037815,1.000000,0.000000,0.774005,0.225995,1.000000,0.000000
0.890000,0.110000,0.672347,0.327653,0.579998,0.420002,1.000000,0.000000,0.914873,0.085127,0.999828,0.000172,0.000342,0.999658,0.999120,0.000880,1.000000,0.000000,0.774359,0.225641,1.000000,0.000000
0.785000,0.215000,0.672347,0.327653,0.579998,0.420002,0.624012,0.375988,0.557359,0.442641,0.993449,0.006551,0.000137,0.999863,0.963609,0.036391,1.000000,0.000000,0.778130,0.221870,1.000000,0.000000
0.710000,0.290000,0.672347,0.327653,0.579998,0.420002,1.000000,0.000000,0.557359,0.442641,0.999556,0.000444,0.000000,1.000000,0.677408,0.322592,1.000000,0.000000,0.774439,0.225561,1.000000,0.000000
0.730000,0.270000,0.672347,0.327653,0.579998,0.420002,0.999996,0.000004,0.694029,0.305971,0.996117,0.003883,0.001383,0.998617,0.960817,0.039183,1.000000,0.000000,0.775715,0.224285,1.000000,0.000000
0.810000,0.190000,0.672347,0.327653,0.579998,0.420002,0.999991,0.000009,0.728108,0.271892,0.998861,0.001139,0.000006,0.999994,0.958190,0.041810,1.000000,0.000000,0.775972,0.224028,1.000000,0.000000
0.030000,0.970000,0.000000,1.000000,0.000000,1.000000,0.000000,1.000000,0.000000,1.000000,0.000000,1.000000,0.000000,1.000000,0.000000,1.000000,0.000000,1.000000,0.000000,1.000000,0.000000,1.000000
0.730000,0.270000,0.672347,0.327653,0.579998,0.420002,0.916926,0.083074,0.557359,0.442641,0.997564,0.002436,0.000006,0.999994,0.806642,0.193358,1.000000,0.000000,0.778288,0.221712,1.000000,0.000000
0.810000,0.190000,0.672347,0.327653,0.579998,0.420002,0.999998,0.000002,0.557359,0.442641,0.998170,0.001830,0.000013,0.999987,0.890686,0.109314,1.000000,0.000000,0.775630,0.224370,1.000000,0.000000
0.905000,0.095000,1.000000,0.000000,1.000000,0.000000,1.000000,0.000000,1.000000,0.000000,1.000000,0.000000,1.000000,0.000000,1.000000,0.000000,1.000000,0.000000,1.000000,0.000000,1.000000,0.000000
0.625000,0.375000,0.672347,0.327653,0.579998,0.420002,0.624012,0.375988,0.557359,0.442641,0.997339,0.002661,0.000000,1.000000,0.766081,0.233919,1.000000,0.000000,0.777590,0.222410,1.000000,0.000000
0.665000,0.335000,1.000000,0.000000,0.000000,1.000000,0.000000,1.000000,0.000000,1.000000,0.000000,1.000000,1.000000,0.000000,0.000000,1.000000,0.000000,1.000000,0.000000,1.000000,1.000000,0.000000
0.905000,0.095000,0.672347,0.327653,0.579998,0.420002,1.000000,0.000000,0.786340,0.213660,0.999873,0.000127,0.003642,0.996358,0.997049,0.002951,1.000000,0.000000,0.771796,0.228204,1.000000,0.000000
0.025000,0.975000,0.000000,1.000000,0.000000,1.000000,0.000000,1.000000,0.000000,1.000000,0.000000,1.000000,0.000000,1.000000,0.000000,1.000000,0.000000,1.000000,0.000000,1.000000,0.000000,1.000000
0.885000,0.115000,0.672347,0.327653,0.579998,0.420002,1.000000,0.000000,0.889217,0.110783,0.999089,0.000911,0.003804,0.996196,0.998532,0.001468,1.000000,0.000000,0.775297,0.224703,1.000000,0.000000
0.945000,0.055000,0.672347,0.327653,0.579998,0.420002,1.000000,0.000000,0.557359,0.442641,0.998582,0.001418,0.042446,0.957554,0.991824,0.008176,1.000000,0.000000,0.774960,0.225040,1.000000,0.000000
0.265000,0.735000,0.672347,0.327653,0.579998,0.420002,0.624012,0.375988,0.557359,0.442641,0.996765,0.003235,0.000000,1.000000,0.881633,0.118367,1.000000,0.000000,0.778208,0.221792,1.000000,0.000000
0.270000,0.730000,0.000000,1.000000,1.000000,0.000000,0.000000,1.000000,0.000000,1.000000,1.000000,0.000000,0.000000,1.000000,1.000000,0.000000,1.000000,0.000000,0.000000,1.000000,1.000000,0.000000
0.340000,0.660000,1.000000,0.000000,1.000000,0.000000,1.000000,0.000000,1.000000,0.000000,1.000000,0.000000,0.000000,1.000000,1.000000,0.000000,0.000000,1.000000,1.000000,0.000000,1.000000,0.000000
0.130000,0.870000,0.000000,1.000000,0.000000,1.000000,0.000000,1.000000,0.000000,1.000000,0.000000,1.000000,0.000000,1.000000,0.000000,1.000000,1.000000,0.000000,0.000000,1.000000,1.000000,0.000000
0.810000,0.190000,0.672347,0.327653,0.579998,0.420002,1.000000,0.000000,0.604370,0.395630,0.998470,0.001530,0.000002,0.999998,0.407741,0.592259,1.000000,0.000000,0.775078,0.224922,1.000000,0.000000
0.225000,0.775000,0.672347,0.327653,0.579998,0.420002,0.624012,0.375988,0.574902,0.425098,0.997467,0.002533,0.000000,1.000000,0.927619,0.072381,1.000000,0.000000,0.777037,0.222963,1.000000,0.000000
0.980000,0.020000,1.000000,0.000000,1.000000,0.000000,1.000000,0.000000,1.000000,0.000000,1.000000,0.000000,1.000000,0.000000,1.000000,0.000000,1.000000,0.000000,1.000000,0.000000,1.000000,0.000000
0.915000,0.085000,0.672347,0.327653,0.579998,0.420002,1.000000,0.000000,0.606197,0.393803,0.999893,0.000107,0.006438,0.993562,0.999487,0.000513,1.000000,0.000000,0.775547,0.224453,1.000000,0.000000
0.215000,0.785000,1.000000,0.000000,0.000000,1.000000,1.000000,0.000000,0.000000,1.000000,0.000000,1.000000,0.000000,1.000000,0.000000,1.000000,0.000000,1.000000,0.000000,1.000000,0.000000,1.000000
0.945000,0.055000,1.000000,0.000000,1.000000,0.000000,1.000000,0.000000,1.000000,0.000000,1.000000,0.000000,1.000000,0.000000,1.000000,0.000000,0.000000,1.000000,1.000000,0.000000,1.000000,0.000000
0.895000,0.105000,0.672347,0.327653,0.579998,0.420002,1.000000,0.000000,0.630420,0.369580,0.997873,0.002127,0.027252,0.972748,0.989245,0.010755,1.000000,0.000000,0.773942,0.226058,1.000000,0.000000
0.710000,0.290000,0.672347,0.327653,0.579998,0.420002,0.995967,0.004033,0.602525,0.397475,0.998715,0.001285,0.000001,0.999999,0.978505,0.021495,1.000000,0.000000,0.778556,0.221444,1.000000,0.000000
0.250000,0.750000,0.672347,0.327653,0.579998,0.420002,0.999983,0.000017,0.656471,0.343529,0.998566,0.001434,0.000019,0.999981,0.952183,0.047817,1.000000,0.000000,0.774507,0.225493,1.000000,0.000000
0.850000,0.150000,0.672347,0.327653,0.579998,0.420002,0.999509,0.000491,0.695959,0.304041,0.993914,0.006086,0.000645,0.999355,0.888972,0.111028,1.000000,0.000000,0.777059,0.222941,1.000000,0.000000
0.570000,0.430000,0.000004,0.999996,0.000000,1.000000,0.000000,1.000000,0.000000,1.000000,0.000000,1.000000,0.000000,1.000000,0.000000,1.000000,0.000000,1.000000,0.000000,1.000000,0.000000,1.000000
0.765000,0.235000,1.000000,0.000000,1.000000,0.000000,1.000000,0.000000,1.000000,0.000000,1.000000,0.000000,1.000000,0.000000,1.000000,0.000000,1.000000,0.000000,1.000000,0.000000,1.000000,0.000000
0.800000,0.200000,0.672347,0.327653,0.579998,0.420002,0.999999,0.000001,0.557359,0.442641,0.998728,0.001272,0.000020,0.999980,0.804811,0.195189,1.000000,0.000000,0.774558,0.225442,1.000000,0.000000
0.075000,0.925000,0.000000,1.000000,0.000000,1.000000,0.000000,1.000000,0.000000,1.000000,0.000000,1.000000,0.000000,1.000000,0.000000,1.000000,0.000000,1.000000,0.000000,1.000000,0.000000,1.000000
0.675000,0.325000,0.000000,1.000000,0.000000,1.000000,0.000000,1.000000,0.000000,1.000000,0.000000,1.000000,0.000000,1.000000,0.000000,1.000000,0.000000,1.000000,0.000000,1.000000,0.000000,1.000000
0.020000,0.980000,0.000000,1.000000,0.000000,1.000000,0.000000,1.000000,0.000000,1.000000,0.000000,1.000000,0.000000,1.000000,0.000000,1.000000,0.000000,1.000000,0.000000,1.000000,0.000000,1.000000
0.745000,0.255000,1.000000,0.000000,1.000000,0.000000,1.000000,0.000000,0.000000,1.000000,1.000000,0.000000,1.000000,0.000000,1.000000,0.000000,0.000000,1.000000,1.000000,0.000000,1.000000,0.000000
0.855000,0.145000,0.672347,0.327653,0.579998,0.420002,0.996380,0.003620,0.557359,0.442641,0.998310,0.001690,0.000022,0.999978,0.983224,0.016776,1.000000,0.000000,0.778407,0.221593,1.000000,0.000000
0.585000,0.415000,0.672347,0.327653,0.579998,0.420002,0.624012,0.375988,0.557359,0.442641,0.996189,0.003811,0.000121,0.999879,0.945634,0.054366,1.000000,0.000000,0.777656,0.222344,1.000000,0.000000
0.090000,0.910000,0.000000,1.000000,0.000000,1.000000,0.000000,1.000000,0.000000,1.000000,0.000000,1.000000,0.000000,1.000000,0.000000,1.000000,0.000000,1.000000,0.000000,1.000000,0.000000,1.000000
0.840000,0.160000,0.672347,0.327653,0.579998,0.420002,0.999444,0.000556,0.557359,0.442641,0.998945,0.001055,0.000162,0.999838,0.992077,0.007923,1.000000,0.000000,0.776211,0.223789,1.000000,0.000000
0.890000,0.110000,0.672347,0.327653,0.579998,0.420002,0.999999,0.000001,0.557359,0.442641,0.999545,0.000455,0.000455,0.999545,0.995422,0.004578,1.000000,0.000000,0.773939,0.226061,1.000000,0.000000
0.055000,0.945000,0.000000,1.000000,0.000000,1.000000,0.000000,1.000000,0.000000,1.000000,0.000000,1.000000,0.000000,1.000000,0.000000,1.000000,0.000000,1.000000,0.000000,1.000000,0.000000,1.000000
0.185000,0.815000,1.000000,0.000000,0.000000,1.000000,1.000000,0.000000,0.000000,1.000000,0.000000,1.000000,0.000000,1.000000,0.000000,1.000000,0.000000,1.000000,0.000000,1.000000,0.000000,1.000000
0.835000,0.165000,0.672347,0.327653,0.579998,0.420002,0.999993,0.000007,0.650502,0.349498,0.998862,0.001138,0.000003,0.999997,0.956408,0.043592,1.000000,0.000000,0.775351,0.224649,1.000000,0.000000
0.670000,0.330000,0.672347,0.327653,0.579998,0.420002,0.624012,0.375988,0.585771,0.414229,0.994359,0.005641,0.000001,0.999999,0.964456,0.035544,1.000000,0.000000,0.777905,0.222095,1.000000,0.000000
0.845000,0.155000,0.672347,0.327653,0.579998,0.420002,0.999998,0.000002,0.621068,0.378932,0.999240,0.000760,0.000001,0.999999,0.935529,0.064471,1.000000,0.000000,0.775347,0.224653,1.000000,0.000000
0.910000,0.090000,0.672347,0.327653,0.579998,0.420002,0.995453,0.004547,0.653338,0.346662,0.998306,0.001694,0.005652,0.994348,0.992974,0.007026,1.000000,0.000000,0.775653,0.224347,1.000000,0.000000
0.825000,0.175000,0.672347,0.327653,0.579998,0.420002,0.999763,0.000237,0.557359,0.442641,0.997542,0.002458,0.000015,0.999985,0.942032,0.057968,1.000000,0.000000,0.776453,0.223547,1.000000,0.000000
0.920000,0.080000,1.000000,0.000000,1.000000,0.000000,1.000000,0.000000,1.000000,0.000000,1.000000,0.000000,1.000000,0.000000,1.000000,0.000000,1.000000,0.000000,1.000000,0.000000,1.000000,0.000000
0.825000,0.175000,0.672347,0.327653,0.579998,0.420002,1.000000,0.000000,0.588148,0.411852,0.996669,0.003331,0.003352,0.996648,0.957506,0.042494,1.000000,0.000000,0.777659,0.222341,1.000000,0.000000
0.770000,0.230000,0.672347,0.327653,0.579998,0.420002,0.982382,0.017618,0.753517,0.246483,0.996784,0.003216,0.000003,0.999997,0.929336,0.070664,1.000000,0.000000,0.779993,0.220007,1.000000,0.000000
0.775000,0.225000,0.672347,0.327653,0.579998,0.420002,0.624012,0.375988,0.557359,0.442641,0.991263,0.008737,0.000006,0.999994,0.981859,0.018141,1.000000,0.000000,0.777146,0.222854,1.000000,0.000000
0.690000,0.310000,0.672347,0.327653,0.579998,0.420002,1.000000,0.000000,0.617433,0.382567,0.998745,0.001255,0.000008,0.999992,0.920389,0.079611,1.000000,0.000000,0.775642,0.224358,1.000000,0.000000
0.800000,0.200000,0.672347,0.327653,0.579998,0.420002,1.000000,0.000000,0.794210,0.205790,0.998977,0.001023,0.000067,0.999933,0.956874,0.043126,1.000000,0.000000,0.774623,0.225377,1.000000,0.000000
0.925000,0.075000,0.672347,0.327653,0.579998,0.420002,1.000000,0.000000,0.659111,0.340889,0.998963,0.001037,0.001836,0.998164,0.991979,0.008021,1.000000,0.000000,0.776023,0.223977,1.000000,0.000000
0.045000,0.955000,0.000000,1.000000,0.000000,1.000000,0.000000,1.000000,0.000000,1.000000,0.000000,1.000000,0.000000,1.000000,0.000000,1.000000,0.000000,1.000000,0.000000,1.000000,0.000000,1.000000
0.740000,0.260000,0.672347,0.327653,0.579998,0.420002,0.624012,0.375988,0.557359,0.442641,0.992817,0.007183,0.000172,0.999828,0.965403,0.034597,1.000000,0.000000,0.776522,0.223478,1.000000,0.000000
0.250000,0.750000,0.672347,0.327653,0.579998,0.420002,0.999994,0.000006,0.557359,0.442641,0.998987,0.001013,0.000005,0.999995,0.866703,0.133297,1.000000,0.000000,0.775772,0.224228,1.000000,0.000000
0.785000,0.215000,0.672347,0.327653,0.579998,0.420002,0.624012,0.375988,0.557359,0.442641,0.996032,0.003968,0.000019,0.999981,0.975876,0.024124,1.000000,0.000000,0.780065,0.219935,1.000000,0.000000
0.905000,0.095000,0.672347,0.327653,0.579998,0.420002,1.000000,0.000000,0.734338,0.265662,0.999441,0.000559,0.000141,0.999859,0.997918,0.002082,1.000000,0.000000,0.774853,0.225147,1.000000,0.000000
0.905000,0.095000,1.000000,0.000000,1.000000,0.000000,1.000000,0.000000,1.000000,0.000000,1.000000,0.000000,1.000000,0.000000,1.000000,0.000000,1.000000,0.000000,1.000000,0.000000,1.000000,0.000000
0.835000,0.165000,0.672347,0.327653,0.579998,0.420002,0.999999,0.000001,0.700502,0.299498,0.998974,0.001026,0.000004,0.999996,0.953170,0.046830,1.000000,0.000000,0.775421,0.224579,1.000000,0.000000
0.740000,0.260000,0.672347,0.327653,0.579998,0.420002,0.624012,0.375988,0.557359,0.442641,0.991977,0.008023,0.003323,0.996677,0.955649,0.044351,1.000000,0.000000,0.774219,0.225781,0.986790,0.013210
0.855000,0.145000,0.672347,0.327653,0.579998,0.420002,0.999998,0.000002,0.557359,0.442641,0.998810,0.001190,0.000166,0.999834,0.983187,0.016813,1.000000,0.000000,0.775973,0.224027,1.000000,0.000000
0.370000,0.630000,1.000000,0.000000,1.000000,0.000000,1.000000,0.000000,1.000000,0.000000,1.000000,0.000000,1.000000,0.000000,1.000000,0.000000,1.000000,0.000000,1.000000,0.000000,1.000000,0.000000
0.475000,0.525000,0.672347,0.327653,0.579998,0.420002,0.999999,0.000001,0.609856,0.390144,0.998680,0.001320,0.000168,0.999832,0.985214,0.014786,1.000000,0.000000,0.776440,0.223560,1.000000,0.000000
0.850000,0.150000,1.000000,0.000000,1.000000,0.000000,1.000000,0.000000,0.000000,1.000000,0.000000,1.000000,1.000000,0.000000,1.000000,0.000000,1.000000,0.000000,1.000000,0.000000,1.000000,0.000000
0.555000,0.445000,0.672347,0.327653,0.579998,0.420002,0.624012,0.375988,0.557359,0.442641,0.989770,0.010230,0.000001,0.999999,0.937557,0.062443,1.000000,0.000000,0.778881,0.221119,1.000000,0.000000
0.660000,0.340000,0.672347,0.327653,0.579998,0.420002,0.624012,0.375988,0.557359,0.442641,0.995376,0.004624,0.000302,0.999698,0.969572,0.030428,1.000000,0.000000,0.777030,0.222970,1.000000,0.000000
0.890000,0.110000,0.672347,0.327653,0.579998,0.420002,1.000000,0.000000,0.686063,0.313937,0.999861,0.000139,0.041254,0.958746,0.999371,0.000629,1.000000,0.000000,0.771812,0.228188,1.000000,0.000000
0.625000,0.375000,0.672347,0.327653,0.579998,0.420002,0.624012,0.375988,0.557359,0.442641,0.992593,0.007407,0.000047,0.999953,0.976816,0.023184,1.000000,0.000000,0.778577,0.221423,1.000000,0.000000
0.840000,0.160000,0.672347,0.327653,0.579998,0.420002,1.000000,0.000000,0.557359,0.442641,0.999093,0.000907,0.000009,0.999991,0.910666,0.089334,1.000000,0.000000,0.776863,0.223137,1.000000,0.000000
0.925000,0.075000,1.000000,0.000000,1.000000,0.000000,1.000000,0.000000,1.000000,0.000000,1.000000,0.000000,1.000000,0.000000,1.000000,0.000000,1.000000,0.000000,1.000000,0.000000,1.000000,0.000000
0.800000,0.200000,0.650676,0.349324,0.716033,0.283967,0.796549,0.203451,0.754611,0.245389,0.000346,0.999654,0.000010,0.999990,0.884711,0.115289,1.000000,0.000000,0.000004,0.999996,0.990392,0.009608
0.065000,0.935000,0.000000,1.000000,0.000000,1.000000,0.000000,1.000000,0.000000,1.000000,0.000000,1.000000,0.000000,1.000000,0.000000,1.000000,0.000000,1.000000,0.000000,1.000000,0.000000,1.000000
0.765000,0.235000,0.653423,0.346577,0.716033,0.283967,0.695701,0.304299,0.752433,0.247567,0.000000,1.000000,0.002670,0.997330,0.884711,0.115289,1.000000,0.000000,0.000715,0.999285,0.999215,0.000785
0.905000,0.095000,0.653423,0.346577,0.716033,0.283967,0.865936,0.134064,0.752433,0.247567,0.000000,1.000000,1.000000,0.000000,0.128555,0.871445,1.000000,0.000000,0.967808,0.032192,0.999215,0.000785
0.945000,0.055000,1.000000,0.000000,1.000000,0.000000,1.000000,0.000000,1.000000,0.000000,1.000000,0.000000,1.000000,0.000000,1.000000,0.000000,1.000000,0.000000,1.000000,0.000000,1.000000,0.000000
0.260000,0.740000,0.653423,0.346577,0.716033,0.283967,0.129790,0.870210,0.000000,1.000000,0.000000,1.000000,0.000418,0.999582,0.097194,0.902806,1.000000,0.000000,0.003778,0.996222,0.999215,0.000785
0.935000,0.065000,1.000000,0.000000,1.000000,0.000000,1.000000,0.000000,0.000000,1.000000,1.000000,0.000000,1.000000,0.000000,1.000000,0.000000,1.000000,0.000000,1.000000,0.000000,1.000000,0.000000
0.950000,0.050000,1.000000,0.000000,1.000000,0.000000,1.000000,0.000000,1.000000,0.000000,1.000000,0.000000,1.000000,0.000000,1.000000,0.000000,0.000000,1.000000,1.000000,0.000000,1.000000,0.000000
0.370000,0.630000,0.653423,0.346577,0.716033,0.283967,0.038265,0.961735,0.752433,0.247567,0.000000,1.000000,0.012417,0.987583,0.009676,0.990324,1.000000,0.000000,0.000001,0.999999,0.999117,0.000883
0.690000,0.310000,0.653423,0.346577,0.716033,0.283967,0.827317,0.172683,0.752433,0.247567,0.032851,0.967149,0.000000,1.000000,0.868575,0.131425,1.000000,0.000000,0.007034,0.992966,0.998191,0.001809
0.695000,0.305000,0.653423,0.346577,0.716033,0.283967,0.685663,0.314337,0.752433,0.247567,0.000528,0.999472,0.000000,1.000000,0.835792,0.164208,1.000000,0.000000,0.000044,0.999956,0.999215,0.000785
0.640000,0.360000,0.653423,0.346577,0.716033,0.283967,0.786694,0.213306,0.756653,0.243347,0.000955,0.999045,0.000000,1.000000,0.875167,0.124833,1.000000,0.000000,0.000443,0.999557,0.986861,0.013139
0.595000,0.405000,0.653423,0.346577,0.716033,0.283967,0.598696,0.401304,0.793377,0.206623,0.000000,1.000000,0.000000,1.000000,0.713317,0.286683,1.000000,0.000000,0.000207,0.999793,0.998943,0.001057
0.695000,0.305000,0.653423,0.346577,0.716033,0.283967,0.953320,0.046680,0.752433,0.247567,0.013616,0.986384,0.000055,0.999945,0.489680,0.510320,1.000000,0.000000,0.000495,0.999505,0.996938,0.003062
0.785000,0.215000,0.653423,0.346577,0.716033,0.283967,0.925195,0.074805,0.754502,0.245498,0.000008,0.999992,0.085736,0.914264,0.151475,0.848525,1.000000,0.000000,0.000467,0.999533,0.997981,0.002019
0.645000,0.355000,0.653423,0.346577,0.716033,0.283967,0.910799,0.089201,0.752433,0.247567,0.000068,0.999932,0.000005,0.999995,0.079463,0.920537,1.000000,0.000000,0.000561,0.999439,0.999215,0.000785
0.735000,0.265000,0.653423,0.346577,0.716033,0.283967,0.718847,0.281153,0.752433,0.247567,0.000018,0.999982,0.000252,0.999748,0.091205,0.908795,1.000000,0.000000,0.000031,0.999969,0.999215,0.000785
0.255000,0.745000,0.653423,0.346577,0.716033,0.283967,0.206278,0.793722,0.752433,0.247567,0.000000,1.000000,0.500914,0.499086,0.004706,0.995294,1.000000,0.000000,0.000025,0.999975,0.998630,0.001370
0.450000,0.550000,0.653423,0.346577,0.716033,0.283967,0.482373,0.517627,0.752433,0.247567,0.000000,1.000000,0.000047,0.999953,0.073935,0.926065,1.000000,0.000000,0.000104,0.999896,0.998879,0.001121
0.655000,0.345000,0.653423,0.346577,0.716033,0.283967,0.775230,0.224770,0.752433,0.247567,0.001755,0.998245,0.000000,1.000000,0.600298,0.399702,1.000000,0.000000,0.000302,0.999698,0.999215,0.000785
0.305000,0.695000,0.653423,0.346577,0.716033,0.283967,0.030397,0.969603,0.000130,0.999870,0.000000,1.000000,0.020364,0.979636,0.023184,0.976816,1.000000,0.000000,0.000002,0.999998,0.999215,0.000785
0.320000,0.680000,0.653423,0.346577,0.716033,0.283967,0.447048,0.552952,0.752433,0.247567,0.000000,1.000000,0.299507,0.700493,0.000506,0.999494,1.000000,0.000000,0.000008,0.999992,0.999215,0.000785
0.260000,0.740000,0.000000,1.000000,1.000000,0.000000,1.000000,0.000000,0.000000,1.000000,1.000000,0.000000,0.000000,1.000000,0.000000,1.000000,1.000000,0.000000,1.000000,0.000000,0.000000,1.000000
0.930000,0.070000,1.000000,0.000000,1.000000,0.000000,1.000000,0.000000,1.000000,0.000000,1.000000,0.000000,1.000000,0.000000,1.000000,0.000000,1.000000,0.000000,1.000000,0.000000,1.000000,0.000000
0.000000,1.000000,0.000000,1.000000,0.000000,1.000000,0.000000,1.000000,0.000000,1.000000,0.000000,1.000000,0.000000,1.000000,0.000000,1.000000,0.000000,1.000000,0.000000,1.000000,0.000000,1.000000
0.800000,0.200000,0.653423,0.346577,0.716033,0.283967,0.881456,0.118544,0.752433,0.247567,0.000011,0.999989,0.000106,0.999894,0.657828,0.342172,1.000000,0.000000,0.000750,0.999250,0.997691,0.002309
0.245000,0.755000,0.653423,0.346577,0.716033,0.283967,0.188855,0.811145,0.752433,0.247567,0.000000,1.000000,0.004099,0.995901,0.553434,0.446566,1.000000,0.000000,0.000533,0.999467,0.997584,0.002416
0.825000,0.175000,0.653423,0.346577,0.716033,0.283967,0.625950,0.374050,0.752433,0.247567,0.000000,1.000000,0.999997,0.000003,0.884711,0.115289,1.000000,0.000000,0.013204,0.986796,0.999215,0.000785
0.025000,0.975000,0.000000,1.000000,0.000000,1.000000,0.000000,1.000000,0.000000,1.000000,0.000000,1.000000,0.000000,1.000000,0.000000,1.000000,0.000000,1.000000,0.000000,1.000000,0.000000,1.000000
0.335000,0.665000,0.653423,0.346577,0.716033,0.283967,0.054310,0.945690,0.752433,0.247567,0.000000,1.000000,0.000020,0.999980,0.015713,0.984287,1.000000,0.000000,0.000010,0.999990,0.999215,0.000785
0.785000,0.215000,0.653423,0.346577,0.716033,0.283967,0.901252,0.098748,0.752433,0.247567,0.009012,0.990988,0.000001,0.999999,0.884711,0.115289,1.000000,0.000000,0.000504,0.999496,0.998671,0.001329
0.655000,0.345000,0.653423,0.346577,0.716033,0.283967,0.663530,0.336470,0.752433,0.247567,0.000957,0.999043,0.000005,0.999995,0.069473,0.930527,1.000000,0.000000,0.000049,0.999951,0.994611,0.005389
0.040000,0.960000,1.000000,0.000000,0.000000,1.000000,0.000000,1.000000,0.000000,1.000000,0.000000,1.000000,0.000000,1.000000,0.000000,1.000000,0.000000,1.000000,0.000000,1.000000,0.000000,1.000000
0.835000,0.165000,0.653423,0.346577,0.716033,0.283967,0.931305,0.068695,0.752433,0.247567,0.000006,0.999994,0.009323,0.990677,0.498690,0.501310,1.000000,0.000000,0.000365,0.999635,0.999215,0.000785
0.575000,0.425000,0.653423,0.346577,0.716033,0.283967,0.479268,0.520732,0.752433,0.247567,0.000002,0.999998,0.000000,1.000000,0.680001,0.319999,1.000000,0.000000,0.000045,0.999955,0.999215,0.000785
0.260000,0.740000,0.653423,0.346577,0.716033,0.283967,0.112292,0.887708,0.752433,0.247567,0.000000,1.000000,0.002409,0.997591,0.046610,0.953390,1.000000,0.000000,0.000037,0.999963,0.999043,0.000957
0.550000,0.450000,0.653423,0.346577,0.716033,0.283967,0.754008,0.245992,0.752433,0.247567,0.433824,0.566176,0.000000,1.000000,0.771407,0.228593,1.000000,0.000000,0.000063,0.999937,0.995106,0.004894
0.340000,0.660000,0.653423,0.346577,0.716033,0.283967,0.111484,0.888516,0.000001,0.999999,0.000000,1.000000,0.161579,0.838421,0.000340,0.999660,1.000000,0.000000,0.000006,0.999994,0.999215,0.000785
0.770000,0.230000,1.000000,0.000000,1.000000,0.000000,1.000000,0.000000,1.000000,0.000000,1.000000,0.000000,1.000000,0.000000,1.000000,0.000000,1.000000,0.000000,1.000000,0.000000,1.000000,0.000000
0.635000,0.365000,0.653423,0.346577,0.716033,0.283967,0.506142,0.493858,0.752433,0.247567,0.001553,0.998447,0.000000,1.000000,0.710963,0.289037,1.000000,0.000000,0.000020,0.999980,0.998965,0.001035
0.820000,0.180000,0.653423,0.346577,0.716033,0.283967,0.945774,0.054226,0.752433,0.247567,0.001185,0.998815,0.000004,0.999996,0.884711,0.115289,1.000000,0.000000,0.000064,0.999936,0.998444,0.001556
0.580000,0.420000,0.653423,0.346577,0.716033,0.283967,0.245512,0.754488,0.752433,0.247567,0.000002,0.999998,0.000001,0.999999,0.256106,0.743894,1.000000,0.000000,0.000004,0.999996,0.999215,0.000785
0.995000,0.005000,1.000000,0.000000,1.000000,0.000000,1.000000,0.000000,1.000000,0.000000,1.000000,0.000000,1.000000,0.000000,1.000000,0.000000,1.000000,0.000000,1.000000,0.000000,1.000000,0.000000
0.785000,0.215000,0.645314,0.354686,0.716033,0.283967,0.886953,0.113047,0.752433,0.247567,0.000853,0.999147,0.000000,1.000000,0.328940,0.671060,1.000000,0.000000,0.000110,0.999890,0.998484,0.001516
0.540000,0.460000,0.653423,0.346577,0.716033,0.283967,0.529444,0.470556,0.752433,0.247567,0.000024,0.999976,0.000000,1.000000,0.444093,0.555907,1.000000,0.000000,0.000161,0.999839,0.999215,0.000785
0.980000,0.020000,1.000000,0.000000,1.000000,0.000000,1.000000,0.000000,1.000000,0.000000,1.000000,0.000000,1.000000,0.000000,1.000000,0.000000,1.000000,0.000000,1.000000,0.000000,1.000000,0.000000
0.615000,0.385000,1.000000,0.000000,1.000000,0.000000,1.000000,0.000000,1.000000,0.000000,1.000000,0.000000,1.000000,0.000000,1.000000,0.000000,1.000000,0.000000,1.000000,0.000000,1.000000,0.000000
0.010000,0.990000,0.000000,1.000000,0.000000,1.000000,0.000000,1.000000,0.000000,1.000000,0.000000,1.000000,0.000000,1.000000,0.000000,1.000000,0.000000,1.000000,0.000000,1.000000,0.000000,1.000000
0.825000,0.175000,0.653423,0.346577,0.716033,0.283967,0.873095,0.126905,0.752433,0.247567,0.000000,1.000000,1.000000,0.000000,0.338906,0.661094,1.000000,0.000000,0.034494,0.965506,0.999215,0.000785
0.485000,0.515000,0.653423,0.346577,0.716033,0.283967,0.457613,0.542387,0.752433,0.247567,0.000014,0.999986,0.000000,1.000000,0.099917,0.900083,1.000000,0.000000,0.000017,0.999983,0.998980,0.001020
0.760000,0.240000,1.000000,0.000000,0.000000,1.000000,1.000000,0.000000,0.000000,1.000000,1.000000,0.000000,0.000000,1.000000,0.000000,1.000000,0.000000,1.000000,0.000000,1.000000,0.000000,1.000000
0.005000,0.995000,0.000000,1.000000,0.000000,1.000000,0.000000,1.000000,0.000000,1.000000,0.000000,1.000000,0.000000,1.000000,0.000000,1.000000,0.000000,1.000000,0.000000,1.000000,0.000000,1.000000
0.910000,0.090000,0.653423,0.346577,0.716033,0.283967,0.627791,0.372209,0.752433,0.247567,0.000000,1.000000,1.000000,0.000000,0.081895,0.918105,1.000000,0.000000,0.001976,0.998024,0.999215,0.000785
0.625000,0.375000,0.653423,0.346577,0.716033,0.283967,0.703191,0.296809,0.752433,0.247567,0.003470,0.996530,0.000000,1.000000,0.884711,0.115289,1.000000,0.000000,0.000445,0.999555,0.999215,0.000785
0.145000,0.855000,1.000000,0.000000,0.000000,1.000000,0.000000,1.000000,0.000000,1.000000,0.000000,1.000000,0.000000,1.000000,0.000000,1.000000,0.000000,1.000000,0.000000,1.000000,0.000000,1.000000
0.800000,0.200000,0.653423,0.346577,0.716033,0.283967,0.854984,0.145016,0.752433,0.247567,0.008640,0.991360,0.006395,0.993605,0.075719,0.924281,1.000000,0.000000,0.000301,0.999699,0.997877,0.002123
0.940000,0.060000,1.000000,0.000000,1.000000,0.000000,1.000000,0.000000,1.000000,0.000000,1.000000,0.000000,1.000000,0.000000,1.000000,0.000000,1.000000,0.000000,1.000000,0.000000,1.000000,0.000000
0.790000,0.210000,0.653423,0.346577,0.716033,0.283967,0.327849,0.672151,0.752433,0.247567,0.000021,0.999979,0.000001,0.999999,0.646299,0.353701,1.000000,0.000000,0.000013,0.999987,0.999215,0.000785
0.865000,0.135000,0.644734,0.355266,0.716033,0.283967,0.759322,0.240678,0.752220,0.247780,0.000000,1.000000,0.992644,0.007356,0.003235,0.996765,1.000000,0.000000,0.002572,0.997428,0.999215,0.000785
0.675000,0.325000,0.653423,0.346577,0.716033,0.283967,0.381779,0.618221,0.752433,0.247567,0.005702,0.994298,0.000000,1.000000,0.008547,0.991453,1.000000,0.000000,0.000005,0.999995,0.999215,0.000785
0.725000,0.275000,0.653423,0.346577,0.716033,0.283967,0.666421,0.333579,0.752433,0.247567,0.000017,0.999983,0.000001,0.999999,0.283702,0.716298,1.000000,0.000000,0.000105,0.999895,0.999215,0.000785
0.910000,0.090000,0.653423,0.346577,0.716033,0.283967,0.818157,0.181843,0.752433,0.247567,0.000000,1.000000,0.999988,0.000012,0.287095,0.712905,1.000000,0.000000,0.047721,0.952279,0.999215,0.000785
0.780000,0.220000,0.653423,0.346577,0.716033,0.283967,0.899556,0.100444,0.785286,0.214714,0.357448,0.642552,0.000019,0.999981,0.101211,0.898789,1.000000,0.000000,0.000311,0.999689,0.996503,0.003497
0.715000,0.285000,0.653423,0.346577,0.716033,0.283967,0.945847,0.054153,0.752433,0.247567,0.363510,0.636490,0.000000,1.000000,0.884711,0.115289,1.000000,0.000000,0.001029,0.998971,0.999215,0.000785
0.615000,0.385000,0.653423,0.346577,0.716033,0.283967,0.849130,0.150870,0.779110,0.220890,0.000653,0.999347,0.000000,1.000000,0.884711,0.115289,1.000000,0.000000,0.000012,0.999988,0.990597,0.009403
0.670000,0.330000,1.000000,0.000000,1.000000,0.000000,1.000000,0.000000,1.000000,0.000000,1.000000,0.000000,1.000000,0.000000,1.000000,0.000000,1.000000,0.000000,1.000000,0.000000,1.000000,0.000000
0.695000,0.305000,1.000000,0.000000,1.000000,0.000000,1.000000,0.000000,1.000000,0.000000,1.000000,0.000000,1.000000,0.000000,1.000000,0.000000,1.000000,0.000000,1.000000,0.000000,1.000000,0.000000
0.830000,0.170000,0.653423,0.346577,0.716033,0.283967,0.937133,0.062867,0.752433,0.247567,0.003421,0.996579,0.001387,0.998613,0.293498,0.706502,1.000000,0.000000,0.000282,0.999718,0.999215,0.000785
0.825000,0.175000,0.653423,0.346577,0.716033,0.283967,0.933915,0.066085,0.752433,0.247567,0.000045,0.999955,0.000557,0.999443,0.816458,0.183542,1.000000,0.000000,0.000905,0.999095,0.997480,0.002520
0.855000,0.145000,0.653423,0.346577,0.716033,0.283967,0.520422,0.479578,0.081260,0.918740,0.000000,1.000000,0.999984,0.000016,0.000764,0.999236,1.000000,0.000000,0.004638,0.995362,0.999215,0.000785
0.920000,0.080000,1.000000,0.000000,1.000000,0.000000,0.000000,1.000000,1.000000,0.000000,1.000000,0.000000,0.000000,1.000000,1.000000,0.000000,1.000000,0.000000,1.000000,0.000000,1.000000,0.000000
0.780000,0.220000,0.650342,0.349658,0.716033,0.283967,0.888169,0.111831,0.752433,0.247567,0.000023,0.999977,0.000072,0.999928,0.884711,0.115289,1.000000,0.000000,0.001272,0.998728,0.992803,0.007197
0.310000,0.690000,0.653423,0.346577,0.716033,0.283967,0.021732,0.978268,0.000000,1.000000,0.000000,1.000000,0.000793,0.999207,0.113319,0.886681,1.000000,0.000000,0.000006,0.999994,0.999215,0.000785
0.690000,0.310000,0.653423,0.346577,0.716033,0.283967,0.455200,0.544800,0.752433,0.247567,0.000009,0.999991,0.000000,1.000000,0.385544,0.614456,1.000000,0.000000,0.000019,0.999981,0.999215,0.000785
0.030000,0.970000,0.000000,1.000000,0.000000,1.000000,0.000000,1.000000,0.000000,1.000000,0.000000,1.000000,0.000000,1.000000,0.000000,1.000000,0.000000,1.000000,0.000000,1.000000,0.000000,1.000000
0.910000,0.090000,1.000000,0.000000,1.000000,0.000000,1.000000,0.000000,1.000000,0.000000,1.000000,0.000000,1.000000,0.000000,1.000000,0.000000,1.000000,0.000000,1.000000,0.000000,1.000000,0.000000
0.230000,0.770000,0.653423,0.346577,0.716033,0.283967,0.208566,0.791434,0.801594,0.198406,0.000000,1.000000,0.999238,0.000762,0.004195,0.995805,1.000000,0.000000,0.000011,0.999989,0.993236,0.006764
0.210000,0.790000,0.653423,0.346577,0.716033,0.283967,0.101981,0.898019,0.752433,0.247567,0.000000,1.000000,0.005471,0.994529,0.159025,0.840975,1.000000,0.000000,0.000094,0.999906,0.998981,0.001019
0.985000,0.015000,1.000000,0.000000,1.000000,0.000000,1.000000,0.000000,1.000000,0.000000,1.000000,0.000000,1.000000,0.000000,1.000000,0.000000,0.000000,1.000000,1.000000,0.000000,1.000000,0.000000
0.085000,0.915000,0.000000,1.000000,0.000000,1.000000,0.000000,1.000000,1.000000,0.000000,1.000000,0.000000,1.000000,0.000000,1.000000,0.000000,1.000000,0.000000,1.000000,0.000000,0.000000,1.000000
0.790000,0.210000,0.684920,0.315080,0.709587,0.290413,0.858202,0.141798,1.000000,0.000000,0.999998,0.000002,0.999999,0.000001,1.000000,0.000000,1.000000,0.000000,0.690274,0.309726,1.000000,0.000000
0.705000,0.295000,0.684920,0.315080,0.709587,0.290413,0.999992,0.000008,0.706817,0.293183,0.999241,0.000759,0.865800,0.134200,0.999998,0.000002,1.000000,0.000000,0.690274,0.309726,1.000000,0.000000
0.510000,0.490000,0.684920,0.315080,0.709587,0.290413,0.989334,0.010666,0.706817,0.293183,0.999974,0.000026,0.952943,0.047057,0.999998,0.000002,1.000000,0.000000,0.690274,0.309726,0.999987,0.000013
0.985000,0.015000,1.000000,0.000000,1.000000,0.000000,1.000000,0.000000,1.000000,0.000000,1.000000,0.000000,1.000000,0.000000,1.000000,0.000000,1.000000,0.000000,1.000000,0.000000,1.000000,0.000000
0.725000,0.275000,0.684920,0.315080,0.709587,0.290413,0.981447,0.018553,0.706817,0.293183,0.999994,0.000006,0.999627,0.000373,1.000000,0.000000,1.000000,0.000000,0.690274,0.309726,0.999999,0.000001
0.730000,0.270000,0.684920,0.315080,0.709587,0.290413,0.988072,0.011928,0.706817,0.293183,0.999997,0.000003,0.999999,0.000001,0.999998,0.000002,1.000000,0.000000,0.690274,0.309726,1.000000,0.000000
0.810000,0.190000,0.684920,0.315080,0.709587,0.290413,0.998319,0.001681,0.706817,0.293183,0.999998,0.000002,0.999999,0.000001,1.000000,0.000000,1.000000,0.000000,0.690274,0.309726,1.000000,0.000000
0.005000,0.995000,0.000000,1.000000,0.000000,1.000000,0.000000,1.000000,0.000000,1.000000,0.000000,1.000000,0.000000,1.000000,0.000000,1.000000,0.000000,1.000000,0.000000,1.000000,0.000000,1.000000
0.295000,0.705000,0.684920,0.315080,0.709587,0.290413,0.999259,0.000741,0.706817,0.293183,0.998879,0.001121,0.989867,0.010133,1.000000,0.000000,1.000000,0.000000,0.690274,0.309726,1.000000,0.000000
0.685000,0.315000,1.000000,0.000000,1.000000,0.000000,0.000000,1.000000,1.000000,0.000000,1.000000,0.000000,1.000000,0.000000,0.000000,1.000000,1.000000,0.000000,0.000000,1.000000,1.000000,0.000000
0.165000,0.835000,1.000000,0.000000,1.000000,0.000000,1.000000,0.000000,1.000000,0.000000,1.000000,0.000000,1.000000,0.000000,1.000000,0.000000,1.000000,0.000000,1.000000,0.000000,1.000000,0.000000
0.770000,0.230000,0.684920,0.315080,0.709587,0.290413,0.998857,0.001143,1.000000,0.000000,0.999923,0.000077,0.999809,0.000191,1.000000,0.000000,1.000000,0.000000,0.690274,0.309726,1.000000,0.000000
0.385000,0.615000,0.684920,0.315080,0.709587,0.290413,0.997971,0.002029,0.706817,0.293183,0.999993,0.000007,1.000000,0.000000,0.999997,0.000003,1.000000,0.000000,0.690274,0.309726,1.000000,0.000000
0.820000,0.180000,0.684920,0.315080,0.709587,0.290413,0.999623,0.000377,0.706817,0.293183,0.999939,0.000061,0.999990,0.000010,1.000000,0.000000,1.000000,0.000000,0.690274,0.309726,1.000000,0.000000
0.830000,0.170000,0.684920,0.315080,0.709587,0.290413,0.999809,0.000191,1.000000,0.000000,0.999900,0.000100,0.972961,0.027039,1.000000,0.000000,1.000000,0.000000,0.690274,0.309726,1.000000,0.000000
0.715000,0.285000,0.684920,0.315080,0.709587,0.290413,0.998679,0.001321,0.706817,0.293183,0.999791,0.000209,0.897828,0.102172,0.999999,0.000001,1.000000,0.000000,0.690274,0.309726,0.999959,0.000041
0.760000,0.240000,0.684920,0.315080,0.709587,0.290413,0.997413,0.002587,0.706817,0.293183,0.999998,0.000002,1.000000,0.000000,1.000000,0.000000,1.000000,0.000000,0.690274,0.309726,1.000000,0.000000
0.750000,0.250000,0.684920,0.315080,0.709587,0.290413,0.999864,0.000136,0.706817,0.293183,0.999992,0.000008,0.999965,0.000035,0.999999,0.000001,1.000000,0.000000,0.690274,0.309726,1.000000,0.000000
0.950000,0.050000,1.000000,0.000000,1.000000,0.000000,1.000000,0.000000,1.000000,0.000000,1.000000,0.000000,1.000000,0.000000,1.000000,0.000000,1.000000,0.000000,1.000000,0.000000,1.000000,0.000000
0.670000,0.330000,0.684920,0.315080,0.709587,0.290413,0.999724,0.000276,0.706817,0.293183,0.997136,0.002864,0.897828,0.102172,0.999863,0.000137,1.000000,0.000000,0.690274,0.309726,1.000000,0.000000
0.755000,0.245000,0.684920,0.315080,0.709587,0.290413,0.985642,0.014358,1.000000,0.000000,0.999989,0.000011,0.999995,0.000005,1.000000,0.000000,1.000000,0.000000,0.690274,0.309726,1.000000,0.000000
0.690000,0.310000,0.684920,0.315080,0.709587,0.290413,0.999834,0.000166,0.706817,0.293183,0.979302,0.020698,0.317237,0.682763,0.999977,0.000023,1.000000,0.000000,0.690274,0.309726,0.934798,0.065202
0.775000,0.225000,0.684920,0.315080,0.709587,0.290413,0.997826,0.002174,1.000000,0.000000,0.999987,0.000013,0.999987,0.000013,1.000000,0.000000,1.000000,0.000000,0.690274,0.309726,1.000000,0.000000
0.440000,0.560000,0.684920,0.315080,0.709587,0.290413,0.993977,0.006023,0.706817,0.293183,0.999910,0.000090,0.897828,0.102172,1.000000,0.000000,1.000000,0.000000,0.690274,0.309726,0.999932,0.000068
0.240000,0.760000,1.000000,0.000000,0.000000,1.000000,1.000000,0.000000,1.000000,0.000000,0.000000,1.000000,1.000000,0.000000,0.000000,1.000000,1.000000,0.000000,0.000000,1.000000,1.000000,0.000000
0.745000,0.255000,0.684920,0.315080,0.709587,0.290413,0.999935,0.000065,0.706817,0.293183,0.998703,0.001297,0.738759,0.261241,0.999939,0.000061,1.000000,0.000000,0.690274,0.309726,0.999985,0.000015
0.745000,0.255000,0.684920,0.315080,0.709587,0.290413,0.999662,0.000338,1.000000,0.000000,0.999999,0.000001,1.000000,0.000000,1.000000,0.000000,1.000000,0.000000,0.690274,0.309726,1.000000,0.000000
0.700000,0.300000,0.684920,0.315080,0.709587,0.290413,0.999826,0.000174,0.706817,0.293183,0.999784,0.000216,0.897828,0.102172,0.999994,0.000006,1.000000,0.000000,0.690274,0.309726,1.000000,0.000000
0.155000,0.845000,1.000000,0.000000,0.000000,1.000000,0.000000,1.000000,0.000000,1.000000,0.000000,1.000000,1.000000,0.000000,0.000000,1.000000,0.000000,1.000000,0.000000,1.000000,1.000000,0.000000
0.585000,0.415000,0.684920,0.315080,0.709587,0.290413,0.994965,0.005035,0.706817,0.293183,0.999988,0.000012,0.999999,0.000001,0.999995,0.000005,1.000000,0.000000,0.690274,0.309726,1.000000,0.000000
0.655000,0.345000,0.684920,0.315080,0.709587,0.290413,0.990222,0.009778,0.706817,0.293183,0.999996,0.000004,0.999997,0.000003,1.000000,0.000000,1.000000,0.000000,0.690274,0.309726,1.000000,0.000000
0.470000,0.530000,0.684920,0.315080,0.709587,0.290413,0.999698,0.000302,0.854038,0.145962,0.999869,0.000131,0.897828,0.102172,1.000000,0.000000,1.000000,0.000000,0.690274,0.309726,0.999876,0.000124
0.570000,0.430000,0.684920,0.315080,0.709587,0.290413,0.995778,0.004222,0.706817,0.293183,0.999968,0.000032,0.984706,0.015294,0.999990,0.000010,1.000000,0.000000,0.690274,0.309726,0.999996,0.000004
0.785000,0.215000,0.684920,0.315080,0.709587,0.290413,0.999979,0.000021,0.706817,0.293183,0.999614,0.000386,0.897828,0.102172,0.999999,0.000001,1.000000,0.000000,0.690274,0.309726,0.998802,0.001198
0.315000,0.685000,0.684920,0.315080,0.709587,0.290413,0.966446,0.033554,0.955649,0.044351,0.999408,0.000592,0.897828,0.102172,1.000000,0.000000,1.000000,0.000000,0.690274,0.309726,1.000000,0.000000
0.980000,0.020000,1.000000,0.000000,1.000000,0.000000,1.000000,0.000000,1.000000,0.000000,1.000000,0.000000,1.000000,0.000000,1.000000,0.000000,1.000000,0.000000,1.000000,0.000000,1.000000,0.000000
0.930000,0.070000,1.000000,0.000000,1.000000,0.000000,1.000000,0.000000,1.000000,0.000000,1.000000,0.000000,1.000000,0.000000,1.000000,0.000000,1.000000,0.000000,1.000000,0.000000,1.000000,0.000000
0.820000,0.180000,0.684920,0.315080,0.709587,0.290413,0.991100,0.008900,1.000000,0.000000,0.999998,0.000002,1.000000,0.000000,1.000000,0.000000,1.000000,0.000000,0.690274,0.309726,1.000000,0.000000
0.650000,0.350000,0.684920,0.315080,0.709587,0.290413,0.998898,0.001102,0.706817,0.293183,0.999969,0.000031,0.999711,0.000289,1.000000,0.000000,1.000000,0.000000,0.690274,0.309726,1.000000,0.000000
0.275000,0.725000,0.684920,0.315080,0.709587,0.290413,0.995291,0.004709,0.706817,0.293183,0.999984,0.000016,1.000000,0.000000,1.000000,0.000000,1.000000,0.000000,0.690274,0.309726,1.000000,0.000000
0.820000,0.180000,1.000000,0.000000,1.000000,0.000000,0.000000,1.000000,1.000000,0.000000,1.000000,0.000000,0.000000,1.000000,1.000000,0.000000,1.000000,0.000000,0.000000,1.000000,1.000000,0.000000
0.370000,0.630000,0.684920,0.315080,0.709587,0.290413,0.987211,0.012789,0.706817,0.293183,0.999995,0.000005,0.999996,0.000004,1.000000,0.000000,1.000000,0.000000,0.690274,0.309726,0.999998,0.000002
0.570000,0.430000,0.684920,0.315080,0.709587,0.290413,0.894101,0.105899,0.706817,0.293183,0.999997,0.000003,0.999993,0.000007,0.999997,0.000003,1.000000,0.000000,0.690274,0.309726,1.000000,0.000000
0.620000,0.380000,0.684920,0.315080,0.709587,0.290413,0.999858,0.000142,0.706817,0.293183,0.999994,0.000006,0.999998,0.000002,0.999997,0.000003,1.000000,0.000000,0.690274,0.309726,1.000000,0.000000
0.445000,0.555000,0.684920,0.315080,0.709587,0.290413,0.999601,0.000399,0.706817,0.293183,0.999989,0.000011,0.999998,0.000002,1.000000,0.000000,1.000000,0.000000,0.690274,0.309726,1.000000,0.000000
0.290000,0.710000,0.684920,0.315080,0.709587,0.290413,0.994401,0.005599,0.706817,0.293183,0.999582,0.000418,0.909975,0.090025,1.000000,0.000000,1.000000,0.000000,0.690274,0.309726,1.000000,0.000000
0.685000,0.315000,0.684920,0.315080,0.709587,0.290413,0.994791,0.005209,0.706817,0.293183,0.999947,0.000053,0.897828,0.102172,0.999997,0.000003,1.000000,0.000000,0.690274,0.309726,0.999968,0.000032
0.080000,0.920000,0.000000,1.000000,0.000000,1.000000,0.000000,1.000000,1.000000,0.000000,0.000000,1.000000,0.000000,1.000000,1.000000,0.000000,1.000000,0.000000,0.000000,1.000000,1.000000,0.000000
0.295000,0.705000,0.684920,0.315080,0.709587,0.290413,0.999048,0.000952,0.706817,0.293183,0.998990,0.001010,0.897828,0.102172,1.000000,0.000000,1.000000,0.000000,0.690274,0.309726,1.000000,0.000000
0.015000,0.985000,0.000000,1.000000,0.000000,1.000000,0.000000,1.000000,0.000000,1.000000,0.000000,1.000000,0.000000,1.000000,0.000000,1.000000,0.000000,1.000000,0.000000,1.000000,0.000000,1.000000
0.265000,0.735000,0.000000,1.000000,0.000000,1.000000,0.000000,1.000000,0.000000,1.000000,0.000000,1.000000,0.000000,1.000000,1.000000,0.000000,0.000000,1.000000,0.000000,1.000000,0.000000,1.000000
0.610000,0.390000,0.684920,0.315080,0.709587,0.290413,0.997338,0.002662,0.706817,0.293183,0.999953,0.000047,0.897828,0.102172,0.999873,0.000127,1.000000,0.000000,0.690274,0.309726,1.000000,0.000000
0.700000,0.300000,0.684920,0.315080,0.709587,0.290413,0.999329,0.000671,0.706817,0.293183,0.999740,0.000260,0.849474,0.150526,0.999952,0.000048,1.000000,0.000000,0.690274,0.309726,0.999999,0.000001
0.790000,0.210000,0.684920,0.315080,0.709587,0.290413,0.997519,0.002481,0.999971,0.000029,0.999965,0.000035,0.998761,0.001239,1.000000,0.000000,1.000000,0.000000,0.690274,0.309726,0.999995,0.000005
0.670000,0.330000,0.684920,0.315080,0.709587,0.290413,0.996945,0.003055,0.706817,0.293183,0.997679,0.002321,0.164497,0.835503,0.999714,0.000286,1.000000,0.000000,0.690274,0.309726,0.013457,0.986543
0.235000,0.765000,1.000000,0.000000,1.000000,0.000000,1.000000,0.000000,1.000000,0.000000,1.000000,0.000000,1.000000,0.000000,1.000000,0.000000,1.000000,0.000000,1.000000,0.000000,1.000000,0.000000
0.830000,0.170000,0.684920,0.315080,0.709587,0.290413,0.994394,0.005606,1.000000,0.000000,0.999776,0.000224,0.999689,0.000311,1.000000,0.000000,1.000000,0.000000,0.690274,0.309726,0.999885,0.000115
0.960000,0.040000,1.000000,0.000000,1.000000,0.000000,1.000000,0.000000,1.000000,0.000000,1.000000,0.000000,1.000000,0.000000,1.000000,0.000000,1.000000,0.000000,1.000000,0.000000,1.000000,0.000000
0.030000,0.970000,0.000000,1.000000,0.000000,1.000000,0.000000,1.000000,0.000000,1.000000,0.000000,1.000000,0.000000,1.000000,0.000000,1.000000,0.000000,1.000000,0.000000,1.000000,0.000000,1.000000
0.225000,0.775000,1.000000,0.000000,0.000000,1.000000,0.000002,0.999998,1.000000,0.000000,0.000000,1.000000,1.000000,0.000000,1.000000,0.000000,0.000000,1.000000,0.000000,1.000000,0.000000,1.000000
0.435000,0.565000,0.684920,0.315080,0.709587,0.290413,0.999547,0.000453,0.706817,0.293183,0.999841,0.000159,0.998812,0.001188,1.000000,0.000000,1.000000,0.000000,0.690274,0.309726,1.000000,0.000000
0.190000,0.810000,1.000000,0.000000,1.000000,0.000000,0.000000,1.000000,1.000000,0.000000,0.000000,1.000000,1.000000,0.000000,1.000000,0.000000,1.000000,0.000000,0.000000,1.000000,1.000000,0.000000
0.600000,0.400000,0.000000,1.000000,0.000000,1.000000,0.000000,1.000000,0.000000,1.000000,0.998060,0.001940,0.000000,1.000000,0.000000,1.000000,0.000000,1.000000,0.000000,1.000000,1.000000,0.000000
0.555000,0.445000,0.684920,0.315080,0.709587,0.290413,0.999834,0.000166,0.706817,0.293183,0.999864,0.000136,0.999170,0.000830,0.999997,0.000003,1.000000,0.000000,0.690274,0.309726,1.000000,0.000000
0.310000,0.690000,0.684920,0.315080,0.709587,0.290413,0.993657,0.006343,0.706817,0.293183,0.999997,0.000003,1.000000,0.000000,1.000000,0.000000,1.000000,0.000000,0.690274,0.309726,1.000000,0.000000
0.435000,0.565000,0.684920,0.315080,0.709587,0.290413,0.924712,0.075288,0.706817,0.293183,0.999832,0.000168,0.996263,0.003737,1.000000,0.000000,1.000000,0.000000,0.690274,0.309726,1.000000,0.000000
0.305000,0.695000,0.684920,0.315080,0.709587,0.290413,0.981610,0.018390,0.706817,0.293183,0.999528,0.000472,0.897828,0.102172,1.000000,0.000000,1.000000,0.000000,0.690274,0.309726,1.000000,0.000000
0.800000,0.200000,0.684920,0.315080,0.709587,0.290413,0.999963,0.000037,1.000000,0.000000,0.999928,0.000072,0.950625,0.049375,1.000000,0.000000,1.000000,0.000000,0.690274,0.309726,1.000000,0.000000
0.005000,0.995000,1.000000,0.000000,1.000000,0.000000,0.000000,1.000000,0.000000,1.000000,0.000000,1.000000,0.000000,1.000000,0.000000,1.000000,0.000000,1.000000,0.000000,1.000000,0.000000,1.000000
0.705000,0.295000,0.684920,0.315080,0.709587,0.290413,0.999174,0.000826,0.706817,0.293183,0.999975,0.000025,0.987848,0.012152,0.999993,0.000007,1.000000,0.000000,0.690274,0.309726,1.000000,0.000000
0.720000,0.280000,0.684920,0.315080,0.709587,0.290413,0.999906,0.000094,0.706817,0.293183,0.999998,0.000002,1.000000,0.000000,0.999999,0.000001,1.000000,0.000000,0.690274,0.309726,1.000000,0.000000
0.770000,0.230000,0.684920,0.315080,0.709587,0.290413,0.994108,0.005892,0.706817,0.293183,0.999994,0.000006,0.999774,0.000226,0.999999,0.000001,1.000000,0.000000,0.690274,0.309726,1.000000,0.000000
0.555000,0.445000,0.684920,0.315080,0.709587,0.290413,0.996382,0.003618,0.706817,0.293183,0.999854,0.000146,0.897828,0.102172,0.999997,0.000003,1.000000,0.000000,0.690274,0.309726,1.000000,0.000000
0.710000,0.290000,0.684920,0.315080,0.709587,0.290413,0.997483,0.002517,0.706817,0.293183,1.000000,0.000000,1.000000,0.000000,0.999999,0.000001,1.000000,0.000000,0.690274,0.309726,1.000000,0.000000
0.340000,0.660000,0.684920,0.315080,0.709587,0.290413,0.999105,0.000895,0.706817,0.293183,0.999866,0.000134,0.998735,0.001265,1.000000,0.000000,1.000000,0.000000,0.690274,0.309726,1.000000,0.000000
0.935000,0.065000,1.000000,0.000000,1.000000,0.000000,1.000000,0.000000,1.000000,0.000000,1.000000,0.000000,1.000000,0.000000,1.000000,0.000000,1.000000,0.000000,1.000000,0.000000,1.000000,0.000000
0.620000,0.380000,0.639995,0.360005,0.990391,0.009609,0.863879,0.136121,1.000000,0.000000,0.282936,0.717064,1.000000,0.000000,0.992488,0.007512,0.000000,1.000000,1.000000,0.000000,0.038608,0.961392
0.010000,0.990000,0.000000,1.000000,0.000000,1.000000,0.000000,1.000000,0.000000,1.000000,0.000000,1.000000,0.000000,1.000000,0.000000,1.000000,0.000000,1.000000,0.000000,1.000000,0.000000,1.000000
0.460000,0.540000,0.639995,0.360005,0.999044,0.000956,0.863879,0.136121,1.000000,0.000000,0.583719,0.416281,0.999996,0.000004,0.928046,0.071954,0.000000,1.000000,1.000000,0.000000,0.097999,0.902001
0.610000,0.390000,0.639995,0.360005,0.988216,0.011784,0.863879,0.136121,1.000000,0.000000,0.146648,0.853352,1.000000,0.000000,0.992670,0.007330,0.000000,1.000000,1.000000,0.000000,0.017508,0.982492
0.110000,0.890000,0.639995,0.360005,0.999989,0.000011,0.863879,0.136121,1.000000,0.000000,0.970507,0.029493,1.000000,0.000000,0.926707,0.073293,0.001123,0.998877,1.000000,0.000000,0.001601,0.998399
0.535000,0.465000,0.639995,0.360005,0.986821,0.013179,0.863879,0.136121,1.000000,0.000000,0.001244,0.998756,1.000000,0.000000,0.947447,0.052553,0.000000,1.000000,1.000000,0.000000,0.105251,0.894749
0.530000,0.470000,0.639995,0.360005,0.990211,0.009789,0.863879,0.136121,1.000000,0.000000,0.091754,0.908246,1.000000,0.000000,0.963860,0.036140,0.000000,1.000000,1.000000,0.000000,0.058076,0.941924
0.790000,0.210000,1.000000,0.000000,1.000000,0.000000,1.000000,0.000000,1.000000,0.000000,1.000000,0.000000,1.000000,0.000000,1.000000,0.000000,1.000000,0.000000,1.000000,0.000000,1.000000,0.000000
0.495000,0.505000,0.639995,0.360005,0.986563,0.013437,0.863879,0.136121,1.000000,0.000000,0.025399,0.974601,1.000000,0.000000,0.970136,0.029864,0.000000,1.000000,1.000000,0.000000,0.120693,0.879307
0.705000,0.295000,0.639995,0.360005,0.996105,0.003895,0.863879,0.136121,1.000000,0.000000,0.996232,0.003768,0.999998,0.000002,0.992048,0.007952,0.000000,1.000000,1.000000,0.000000,0.108389,0.891611
0.390000,0.610000,0.639995,0.360005,0.997283,0.002717,0.863879,0.136121,1.000000,0.000000,0.729315,0.270685,1.000000,0.000000,0.966900,0.033100,0.000000,1.000000,1.000000,0.000000,0.008592,0.991408
0.675000,0.325000,0.639995,0.360005,0.990312,0.009688,0.863879,0.136121,1.000000,0.000000,0.012951,0.987049,1.000000,0.000000,0.969194,0.030806,0.000000,1.000000,1.000000,0.000000,0.054793,0.945207
0.505000,0.495000,0.639995,0.360005,0.993828,0.006172,0.863879,0.136121,1.000000,0.000000,0.006183,0.993817,0.999977,0.000023,0.959501,0.040499,0.000000,1.000000,1.000000,0.000000,0.819172,0.180828
0.805000,0.195000,0.639995,0.360005,0.999928,0.000072,0.863879,0.136121,1.000000,0.000000,1.000000,0.000000,1.000000,0.000000,0.993148,0.006852,1.000000,0.000000,1.000000,0.000000,0.056530,0.943470
0.590000,0.410000,0.639995,0.360005,0.993464,0.006536,0.863879,0.136121,1.000000,0.000000,0.927220,0.072780,1.000000,0.000000,0.982192,0.017808,0.000000,1.000000,1.000000,0.000000,0.003719,0.996281
0.820000,0.180000,0.639995,0.360005,0.999942,0.000058,0.863879,0.136121,1.000000,0.000000,0.999997,0.000003,0.999993,0.000007,0.994798,0.005202,1.000000,0.000000,1.000000,0.000000,0.039023,0.960977
0.560000,0.440000,0.639995,0.360005,0.997705,0.002295,0.863879,0.136121,1.000000,0.000000,0.022026,0.977974,1.000000,0.000000,0.921995,0.078005,0.000000,1.000000,1.000000,0.000000,0.014791,0.985209
0.050000,0.950000,0.000000,1.000000,0.000000,1.000000,0.000000,1.000000,1.000000,0.000000,0.000000,1.000000,0.000000,1.000000,0.000000,1.000000,0.000000,1.000000,0.000000,1.000000,0.000000,1.000000
0.960000,0.040000,1.000000,0.000000,1.000000,0.000000,1.000000,0.000000,1.000000,0.000000,1.000000,0.000000,1.000000,0.000000,1.000000,0.000000,1.000000,0.000000,1.000000,0.000000,1.000000,0.000000
0.410000,0.590000,0.639995,0.360005,0.996530,0.003470,0.863879,0.136121,1.000000,0.000000,0.000965,0.999035,1.000000,0.000000,0.879831,0.120169,0.000000,1.000000,1.000000,0.000000,0.002058,0.997942
0.710000,0.290000,0.639995,0.360005,0.997153,0.002847,0.863879,0.136121,1.000000,0.000000,0.084051,0.915949,1.000000,0.000000,0.989574,0.010426,0.000000,1.000000,1.000000,0.000000,0.016783,0.983217
0.450000,0.550000,0.639995,0.360005,0.996477,0.003523,0.863879,0.136121,1.000000,0.000000,0.020789,0.979211,1.000000,0.000000,0.913550,0.086450,0.000000,1.000000,1.000000,0.000000,0.036846,0.963154
0.005000,0.995000,0.000000,1.000000,0.000000,1.000000,0.000000,1.000000,0.000000,1.000000,0.000000,1.000000,0.000000,1.000000,0.000000,1.000000,0.000000,1.000000,0.000000,1.000000,0.000000,1.000000
0.440000,0.560000,0.639995,0.360005,0.992630,0.007370,0.863879,0.136121,1.000000,0.000000,0.002244,0.997756,1.000000,0.000000,0.900037,0.099963,0.000000,1.000000,1.000000,0.000000,0.080103,0.919897
0.210000,0.790000,0.000000,1.000000,1.000000,0.000000,0.000000,1.000000,0.000000,1.000000,0.000000,1.000000,0.000000,1.000000,0.000000,1.000000,0.000000,1.000000,0.000000,1.000000,0.000000,1.000000
0.700000,0.300000,0.639995,0.360005,0.999203,0.000797,0.863879,0.136121,1.000000,0.000000,0.999938,0.000062,1.000000,0.000000,0.991790,0.008210,0.115856,0.884144,1.000000,0.000000,0.019783,0.980217
0.695000,0.305000,0.639995,0.360005,0.999524,0.000476,0.863879,0.136121,1.000000,0.000000,0.997275,0.002725,0.999986,0.000014,0.845548,0.154452,0.999767,0.000233,1.000000,0.000000,0.440892,0.559108
0.720000,0.280000,0.639995,0.360005,0.999188,0.000812,0.863879,0.136121,1.000000,0.000000,0.999927,0.000073,1.000000,0.000000,0.993952,0.006048,0.999953,0.000047,1.000000,0.000000,0.009067,0.990933
0.770000,0.230000,0.639995,0.360005,0.999889,0.000111,0.863879,0.136121,1.000000,0.000000,0.999855,0.000145,1.000000,0.000000,0.994496,0.005504,0.997733,0.002267,1.000000,0.000000,0.004888,0.995112
0.945000,0.055000,0.999998,0.000002,1.000000,0.000000,1.000000,0.000000,1.000000,0.000000,1.000000,0.000000,1.000000,0.000000,1.000000,0.000000,1.000000,0.000000,1.000000,0.000000,1.000000,0.000000
0.665000,0.335000,0.639995,0.360005,0.995381,0.004619,0.863879,0.136121,1.000000,0.000000,0.009987,0.990013,1.000000,0.000000,0.977499,0.022501,0.000000,1.000000,1.000000,0.000000,0.003410,0.996590
0.140000,0.860000,0.639995,0.360005,0.999330,0.000670,0.863879,0.136121,1.000000,0.000000,0.291604,0.708396,0.999999,0.000001,0.865534,0.134466,0.000000,1.000000,1.000000,0.000000,0.041514,0.958486
0.040000,0.960000,0.000000,1.000000,0.000000,1.000000,0.000000,1.000000,0.000000,1.000000,0.000000,1.000000,0.000000,1.000000,0.000000,1.000000,0.000000,1.000000,1.000000,0.000000,0.000000,1.000000
0.710000,0.290000,0.639995,0.360005,0.998495,0.001505,0.863879,0.136121,1.000000,0.000000,0.442278,0.557722,1.000000,0.000000,0.993344,0.006656,0.000000,1.000000,1.000000,0.000000,0.017805,0.982195
0.595000,0.405000,0.639995,0.360005,0.991762,0.008238,0.863879,0.136121,1.000000,0.000000,0.000570,0.999430,1.000000,0.000000,0.963347,0.036653,0.000000,1.000000,1.000000,0.000000,0.012198,0.987802
0.110000,0.890000,0.639995,0.360005,0.999663,0.000337,0.863879,0.136121,1.000000,0.000000,0.106528,0.893472,1.000000,0.000000,0.735131,0.264869,0.000046,0.999954,1.000000,0.000000,0.004140,0.995860
0.720000,0.280000,0.639995,0.360005,0.999362,0.000638,0.863879,0.136121,1.000000,0.000000,0.993446,0.006554,0.999999,0.000001,0.957412,0.042588,0.000000,1.000000,1.000000,0.000000,0.079886,0.920114
0.640000,0.360000,0.639995,0.360005,0.991517,0.008483,0.863879,0.136121,1.000000,0.000000,0.000194,0.999806,1.000000,0.000000,0.929424,0.070576,0.000000,1.000000,1.000000,0.000000,0.189105,0.810895
0.460000,0.540000,0.639995,0.360005,0.993745,0.006255,0.863879,0.136121,1.000000,0.000000,0.000005,0.999995,0.999983,0.000017,0.823014,0.176986,0.000000,1.000000,1.000000,0.000000,0.211545,0.788455
0.025000,0.975000,0.000000,1.000000,0.000000,1.000000,0.000000,1.000000,1.000000,0.000000,0.000000,1.000000,0.000000,1.000000,0.000000,1.000000,0.000000,1.000000,0.000000,1.000000,0.000000,1.000000
0.085000,0.915000,0.639995,0.360005,0.999239,0.000761,0.863879,0.136121,1.000000,0.000000,0.625716,0.374284,1.000000,0.000000,0.930703,0.069297,0.000000,1.000000,1.000000,0.000000,0.009179,0.990821
0.675000,0.325000,0.639995,0.360005,0.997968,0.002032,0.863879,0.136121,1.000000,0.000000,0.033049,0.966951,1.000000,0.000000,0.991671,0.008329,0.000000,1.000000,1.000000,0.000000,0.148401,0.851599
0.760000,0.240000,0.639995,0.360005,0.999592,0.000408,0.863879,0.136121,1.000000,0.000000,0.999472,0.000528,1.000000,0.000000,0.994756,0.005244,0.002089,0.997911,1.000000,0.000000,0.074769,0.925231
0.415000,0.585000,0.639995,0.360005,0.995204,0.004796,0.863879,0.136121,1.000000,0.000000,0.000064,0.999936,1.000000,0.000000,0.788846,0.211154,0.000000,1.000000,1.000000,0.000000,0.288427,0.711573
0.480000,0.520000,0.639995,0.360005,0.996058,0.003942,0.863879,0.136121,1.000000,0.000000,0.022607,0.977393,1.000000,0.000000,0.875008,0.124992,0.000000,1.000000,1.000000,0.000000,0.012113,0.987887
0.435000,0.565000,0.639995,0.360005,0.997002,0.002998,0.863879,0.136121,1.000000,0.000000,0.120326,0.879674,1.000000,0.000000,0.952165,0.047835,0.000000,1.000000,1.000000,0.000000,0.085350,0.914650
0.575000,0.425000,0.639995,0.360005,0.992251,0.007749,0.863879,0.136121,1.000000,0.000000,0.001077,0.998923,0.999990,0.000010,0.956551,0.043449,0.000000,1.000000,1.000000,0.000000,0.628202,0.371798
0.415000,0.585000,0.639995,0.360005,0.998174,0.001826,0.863879,0.136121,1.000000,0.000000,0.568782,0.431218,0.999967,0.000033,0.937362,0.062638,0.000000,1.000000,1.000000,0.000000,0.002713,0.997287
0.515000,0.485000,0.639995,0.360005,0.989443,0.010557,0.863879,0.136121,1.000000,0.000000,0.466541,0.533459,0.999996,0.000004,0.916211,0.083789,0.000000,1.000000,1.000000,0.000000,0.610122,0.389878
0.330000,0.670000,0.639995,0.360005,0.995775,0.004225,0.863879,0.136121,1.000000,0.000000,0.879169,0.120831,0.999989,0.000011,0.883628,0.116372,0.000000,1.000000,1.000000,0.000000,0.108247,0.891753
0.825000,0.175000,0.639995,0.360005,0.999983,0.000017,0.863879,0.136121,1.000000,0.000000,1.000000,0.000000,1.000000,0.000000,0.998318,0.001682,1.000000,0.000000,1.000000,0.000000,0.017313,0.982687
0.990000,0.010000,1.000000,0.000000,1.000000,0.000000,1.000000,0.000000,1.000000,0.000000,1.000000,0.000000,1.000000,0.000000,1.000000,0.000000,1.000000,0.000000,1.000000,0.000000,1.000000,0.000000
0.210000,0.790000,0.000000,1.000000,1.000000,0.000000,1.000000,0.000000,1.000000,0.000000,1.000000,0.000000,1.000000,0.000000,1.000000,0.000000,0.000000,1.000000,1.000000,0.000000,1.000000,0.000000
0.835000,0.165000,0.639995,0.360005,0.999998,0.000002,0.863879,0.136121,1.000000,0.000000,1.000000,0.000000,1.000000,0.000000,0.994412,0.005588,1.000000,0.000000,1.000000,0.000000,0.010591,0.989409
0.320000,0.680000,0.639995,0.360005,0.995067,0.004933,0.863879,0.136121,1.000000,0.000000,0.149382,0.850618,1.000000,0.000000,0.887856,0.112144,0.000000,1.000000,1.000000,0.000000,0.018396,0.981604
0.980000,0.020000,1.000000,0.000000,1.000000,0.000000,1.000000,0.000000,1.000000,0.000000,1.000000,0.000000,1.000000,0.000000,1.000000,0.000000,1.000000,0.000000,1.000000,0.000000,1.000000,0.000000
0.550000,0.450000,0.639995,0.360005,0.998663,0.001337,0.863879,0.136121,1.000000,0.000000,0.880025,0.119975,1.000000,0.000000,0.978714,0.021286,0.000000,1.000000,1.000000,0.000000,0.010843,0.989157
0.700000,0.300000,0.639995,0.360005,0.996952,0.003048,0.863879,0.136121,1.000000,0.000000,0.999838,0.000162,1.000000,0.000000,0.985866,0.014134,0.000016,0.999984,1.000000,0.000000,0.013159,0.986841
0.105000,0.895000,0.000000,1.000000,0.000000,1.000000,0.000000,1.000000,0.000000,1.000000,0.000000,1.000000,0.000000,1.000000,0.000000,1.000000,0.000000,1.000000,1.000000,0.000000,1.000000,0.000000
0.695000,0.305000,0.639995,0.360005,0.996419,0.003581,0.863879,0.136121,1.000000,0.000000,0.008933,0.991067,1.000000,0.000000,0.987457,0.012543,0.000000,1.000000,1.000000,0.000000,0.050043,0.949957
0.555000,0.445000,0.639995,0.360005,0.997583,0.002417,0.863879,0.136121,1.000000,0.000000,0.000640,0.999360,1.000000,0.000000,0.925907,0.074093,0.000000,1.000000,1.000000,0.000000,0.057380,0.942620
0.820000,0.180000,1.000000,0.000000,1.000000,0.000000,1.000000,0.000000,0.000000,1.000000,0.000000,1.000000,0.000000,1.000000,1.000000,0.000000,1.000000,0.000000,0.000000,1.000000,1.000000,0.000000
0.925000,0.075000,1.000000,0.000000,1.000000,0.000000,1.000000,0.000000,1.000000,0.000000,1.000000,0.000000,1.000000,0.000000,1.000000,0.000000,1.000000,0.000000,1.000000,0.000000,1.000000,0.000000
0.745000,0.255000,0.639995,0.360005,0.999990,0.000010,0.863879,0.136121,1.000000,0.000000,0.999039,0.000961,0.999997,0.000003,0.980511,0.019489,0.999408,0.000592,1.000000,0.000000,0.045545,0.954455
0.685000,0.315000,0.639995,0.360005,0.999948,0.000052,0.863879,0.136121,1.000000,0.000000,0.997577,0.002423,0.999392,0.000608,0.972216,0.027784,0.971663,0.028337,1.000000,0.000000,0.048553,0.951447
0.490000,0.510000,0.639995,0.360005,0.999179,0.000821,0.863879,0.136121,1.000000,0.000000,0.045045,0.954955,0.999999,0.000001,0.939016,0.060984,0.000000,1.000000,1.000000,0.000000,0.049822,0.950178
0.750000,0.250000,0.639995,0.360005,0.999973,0.000027,0.863879,0.136121,1.000000,0.000000,0.999997,0.000003,1.000000,0.000000,0.991184,0.008816,1.000000,0.000000,1.000000,0.000000,0.006016,0.993984
0.840000,0.160000,0.639995,0.360005,0.999989,0.000011,0.863879,0.136121,1.000000,0.000000,0.999963,0.000037,1.000000,0.000000,0.997570,0.002430,1.000000,0.000000,1.000000,0.000000,0.068544,0.931456
0.630000,0.370000,0.639995,0.360005,0.992648,0.007352,0.863879,0.136121,1.000000,0.000000,0.005662,0.994338,1.000000,0.000000,0.954915,0.045085,0.000000,1.000000,1.000000,0.000000,0.002306,0.997694
0.515000,0.485000,0.639995,0.360005,0.995635,0.004365,0.863879,0.136121,1.000000,0.000000,0.785895,0.214105,1.000000,0.000000,0.969944,0.030056,0.000000,1.000000,1.000000,0.000000,0.012884,0.987116
0.690000,0.310000,0.639995,0.360005,0.999285,0.000715,0.863879,0.136121,1.000000,0.000000,0.838016,0.161984,1.000000,0.000000,0.982553,0.017447,0.000000,1.000000,1.000000,0.000000,0.045172,0.954828
0.450000,0.550000,0.639995,0.360005,0.998368,0.001632,0.863879,0.136121,1.000000,0.000000,0.999592,0.000408,1.000000,0.000000,0.948635,0.051365,0.000000,1.000000,1.000000,0.000000,0.031794,0.968206
0.615000,0.385000,0.639995,0.360005,0.993654,0.006346,0.863879,0.136121,1.000000,0.000000,0.862209,0.137791,1.000000,0.000000,0.972909,0.027091,0.000000,1.000000,1.000000,0.000000,0.001718,0.998282
0.965000,0.035000,1.000000,0.000000,1.000000,0.000000,1.000000,0.000000,1.000000,0.000000,1.000000,0.000000,1.000000,0.000000,1.000000,0.000000,1.000000,0.000000,1.000000,0.000000,1.000000,0.000000
0.005000,0.995000,0.000000,1.000000,0.000000,1.000000,0.000000,1.000000,0.000000,1.000000,0.000000,1.000000,0.000000,1.000000,0.000000,1.000000,0.000000,1.000000,0.000000,1.000000,0.000000,1.000000
0.415000,0.585000,0.639995,0.360005,0.994979,0.005021,0.863879,0.136121,1.000000,0.000000,0.000011,0.999989,0.999995,0.000005,0.892509,0.107491,0.000000,1.000000,1.000000,0.000000,0.369611,0.630389
0.685000,0.315000,0.639995,0.360005,0.994546,0.005454,0.863879,0.136121,1.000000,0.000000,0.722459,0.277541,1.000000,0.000000,0.992755,0.007245,0.000000,1.000000,1.000000,0.000000,0.243858,0.756142
0.790000,0.210000,0.639995,0.360005,0.999916,0.000084,0.863879,0.136121,1.000000,0.000000,0.999998,0.000002,1.000000,0.000000,0.994101,0.005899,1.000000,0.000000,1.000000,0.000000,0.078271,0.921729
0.835000,0.165000,0.624496,0.375504,0.611619,0.388381,0.853223,0.146777,1.000000,0.000000,0.969258,0.030742,0.732029,0.267971,0.669080,0.330920,0.698721,0.301279,0.999992,0.000008,0.895427,0.104573
0.815000,0.185000,0.624496,0.375504,0.611619,0.388381,0.105368,0.894632,1.000000,0.000000,0.990277,0.009723,0.732029,0.267971,0.669080,0.330920,0.698721,0.301279,0.257735,0.742265,0.895427,0.104573
0.670000,0.330000,0.624496,0.375504,0.611619,0.388381,0.135318,0.864682,1.000000,0.000000,0.978089,0.021911,0.732029,0.267971,0.669080,0.330920,0.698721,0.301279,0.660079,0.339921,0.895427,0.104573
0.745000,0.255000,0.624496,0.375504,0.611619,0.388381,0.004462,0.995538,1.000000,0.000000,0.988869,0.011131,0.732029,0.267971,0.669080,0.330920,0.698721,0.301279,0.166711,0.833289,0.895427,0.104573
0.605000,0.395000,0.624496,0.375504,0.611619,0.388381,0.818171,0.181829,1.000000,0.000000,0.956725,0.043275,0.732029,0.267971,0.669080,0.330920,0.698721,0.301279,0.999825,0.000175,0.895427,0.104573
0.755000,0.245000,1.000000,0.000000,0.000000,1.000000,1.000000,0.000000,1.000000,0.000000,0.000000,1.000000,1.000000,0.000000,0.000000,1.000000,1.000000,0.000000,1.000000,0.000000,0.000000,1.000000
0.790000,0.210000,0.624496,0.375504,0.611619,0.388381,0.633842,0.366158,1.000000,0.000000,0.971988,0.028012,0.732029,0.267971,0.669080,0.330920,0.698721,0.301279,0.997024,0.002976,0.895427,0.104573
0.175000,0.825000,0.624496,0.375504,0.611619,0.388381,0.701596,0.298404,1.000000,0.000000,0.932862,0.067138,0.732029,0.267971,0.669080,0.330920,0.698721,0.301279,0.406434,0.593566,0.895427,0.104573
0.210000,0.790000,0.624496,0.375504,0.611619,0.388381,0.013748,0.986252,1.000000,0.000000,0.955368,0.044632,0.732029,0.267971,0.669080,0.330920,0.698721,0.301279,0.415629,0.584371,0.895427,0.104573
0.815000,0.185000,0.624496,0.375504,0.611619,0.388381,0.092241,0.907759,1.000000,0.000000,0.983527,0.016473,0.732029,0.267971,0.669080,0.330920,0.698721,0.301279,0.231260,0.768740,0.895427,0.104573
0.980000,0.020000,1.000000,0.000000,1.000000,0.000000,1.000000,0.000000,1.000000,0.000000,1.000000,0.000000,1.000000,0.000000,1.000000,0.000000,1.000000,0.000000,1.000000,0.000000,1.000000,0.000000
0.475000,0.525000,0.624496,0.375504,0.611619,0.388381,0.024404,0.975596,1.000000,0.000000,0.976592,0.023408,0.732029,0.267971,0.669080,0.330920,0.698721,0.301279,0.001396,0.998604,0.895427,0.104573
0.770000,0.230000,0.624496,0.375504,0.611619,0.388381,0.027766,0.972234,1.000000,0.000000,0.955771,0.044229,0.732029,0.267971,0.669080,0.330920,0.698721,0.301279,0.997660,0.002340,0.895427,0.104573
0.945000,0.055000,1.000000,0.000000,1.000000,0.000000,1.000000,0.000000,1.000000,0.000000,1.000000,0.000000,1.000000,0.000000,1.000000,0.000000,1.000000,0.000000,1.000000,0.000000,1.000000,0.000000
0.960000,0.040000,1.000000,0.000000,1.000000,0.000000,1.000000,0.000000,1.000000,0.000000,1.000000,0.000000,1.000000,0.000000,1.000000,0.000000,1.000000,0.000000,0.000000,1.000000,1.000000,0.000000
0.555000,0.445000,0.624496,0.375504,0.611619,0.388381,0.032820,0.967180,1.000000,0.000000,0.991098,0.008902,0.732029,0.267971,0.669080,0.330920,0.698721,0.301279,0.638741,0.361259,0.895427,0.104573
0.385000,0.615000,0.624496,0.375504,0.611619,0.388381,0.133377,0.866623,1.000000,0.000000,0.932949,0.067051,0.732029,0.267971,0.669080,0.330920,0.698721,0.301279,0.001149,0.998851,0.895427,0.104573
0.350000,0.650000,0.624496,0.375504,0.611619,0.388381,0.016412,0.983588,1.000000,0.000000,0.906256,0.093744,0.732029,0.267971,0.669080,0.330920,0.698721,0.301279,0.505613,0.494387,0.895427,0.104573
0.735000,0.265000,0.624496,0.375504,0.611619,0.388381,0.002601,0.997399,1.000000,0.000000,0.995784,0.004216,0.732029,0.267971,0.669080,0.330920,0.698721,0.301279,0.017478,0.982522,0.895427,0.104573
0.600000,0.400000,0.624496,0.375504,0.611619,0.388381,0.086981,0.913019,1.000000,0.000000,0.994990,0.005010,0.732029,0.267971,0.669080,0.330920,0.698721,0.301279,0.995999,0.004001,0.895427,0.104573
0.175000,0.825000,0.624496,0.375504,0.611619,0.388381,0.023125,0.976875,1.000000,0.000000,0.969277,0.030723,0.732029,0.267971,0.669080,0.330920,0.698721,0.301279,0.021535,0.978465,0.895427,0.104573
0.720000,0.280000,0.624496,0.375504,0.611619,0.388381,0.011186,0.988814,1.000000,0.000000,0.978338,0.021662,0.732029,0.267971,0.669080,0.330920,0.698721,0.301279,0.419676,0.580324,0.895427,0.104573
0.515000,0.485000,0.624496,0.375504,0.611619,0.388381,0.444765,0.555235,1.000000,0.000000,0.970191,0.029809,0.732029,0.267971,0.669080,0.330920,0.698721,0.301279,0.003532,0.996468,0.895427,0.104573
0.485000,0.515000,0.624496,0.375504,0.611619,0.388381,0.012362,0.987638,1.000000,0.000000,0.991187,0.008813,0.732029,0.267971,0.669080,0.330920,0.698721,0.301279,0.531892,0.468108,0.895427,0.104573
0.150000,0.850000,0.624496,0.375504,0.611619,0.388381,0.003744,0.996256,1.000000,0.000000,0.929033,0.070967,0.732029,0.267971,0.669080,0.330920,0.698721,0.301279,0.000372,0.999628,0.895427,0.104573
0.635000,0.365000,0.624496,0.375504,0.611619,0.388381,0.326308,0.673692,1.000000,0.000000,0.993483,0.006517,0.732029,0.267971,0.669080,0.330920,0.698721,0.301279,0.781270,0.218730,0.895427,0.104573
0.050000,0.950000,1.000000,0.000000,0.000000,1.000000,0.000000,1.000000,0.000000,1.000000,0.000000,1.000000,0.000000,1.000000,0.000000,1.000000,0.000000,1.000000,0.000000,1.000000,0.000000,1.000000
0.935000,0.065000,1.000000,0.000000,1.000000,0.000000,1.000000,0.000000,1.000000,0.000000,1.000000,0.000000,1.000000,0.000000,1.000000,0.000000,1.000000,0.000000,1.000000,0.000000,1.000000,0.000000
0.870000,0.130000,1.000000,0.000000,1.000000,0.000000,1.000000,0.000000,1.000000,0.000000,1.000000,0.000000,1.000000,0.000000,1.000000,0.000000,1.000000,0.000000,1.000000,0.000000,1.000000,0.000000
1.000000,0.000000,1.000000,0.000000,1.000000,0.000000,1.000000,0.000000,1.000000,0.000000,1.000000,0.000000,1.000000,0.000000,1.000000,0.000000,1.000000,0.000000,1.000000,0.000000,1.000000,0.000000
0.815000,0.185000,0.624496,0.375504,0.611619,0.388381,0.384320,0.615680,1.000000,0.000000,0.973559,0.026441,0.732029,0.267971,0.669080,0.330920,0.698721,0.301279,0.859743,0.140257,0.895427,0.104573
0.470000,0.530000,0.624496,0.375504,0.611619,0.388381,0.853223,0.146777,1.000000,0.000000,0.977491,0.022509,0.732029,0.267971,0.669080,0.330920,0.698721,0.301279,0.908166,0.091834,0.895427,0.104573
0.755000,0.245000,0.624496,0.375504,0.611619,0.388381,0.006367,0.993633,1.000000,0.000000,0.973999,0.026001,0.732029,0.267971,0.669080,0.330920,0.698721,0.301279,0.004588,0.995412,0.895427,0.104573
0.735000,0.265000,0.624496,0.375504,0.611619,0.388381,0.575791,0.424209,1.000000,0.000000,0.975617,0.024383,0.732029,0.267971,0.669080,0.330920,0.698721,0.301279,0.920702,0.079298,0.895427,0.104573
0.890000,0.110000,1.000000,0.000000,1.000000,0.000000,1.000000,0.000000,1.000000,0.000000,1.000000,0.000000,0.000000,1.000000,1.000000,0.000000,1.000000,0.000000,1.000000,0.000000,1.000000,0.000000
0.385000,0.615000,0.624496,0.375504,0.611619,0.388381,0.853223,0.146777,1.000000,0.000000,0.954608,0.045392,0.732029,0.267971,0.669080,0.330920,0.698721,0.301279,0.881085,0.118915,0.895427,0.104573
0.615000,0.385000,0.624496,0.375504,0.611619,0.388381,0.029669,0.970331,1.000000,0.000000,0.990293,0.009707,0.732029,0.267971,0.669080,0.330920,0.698721,0.301279,0.251520,0.748480,0.895427,0.104573
0.770000,0.230000,0.624496,0.375504,0.611619,0.388381,0.022764,0.977236,1.000000,0.000000,0.972950,0.027050,0.732029,0.267971,0.669080,0.330920,0.698721,0.301279,0.206189,0.793811,0.895427,0.104573
0.270000,0.730000,0.624496,0.375504,0.611619,0.388381,0.214231,0.785769,1.000000,0.000000,0.877776,0.122224,0.732029,0.267971,0.669080,0.330920,0.698721,0.301279,0.417411,0.582589,0.895427,0.104573
0.730000,0.270000,0.624496,0.375504,0.611619,0.388381,0.023736,0.976264,1.000000,0.000000,0.990068,0.009932,0.732029,0.267971,0.669080,0.330920,0.698721,0.301279,0.420254,0.579746,0.895427,0.104573
0.025000,0.975000,0.000000,1.000000,0.000000,1.000000,0.000000,1.000000,0.000000,1.000000,0.000000,1.000000,0.000000,1.000000,0.000000,1.000000,0.000000,1.000000,0.000000,1.000000,0.000000,1.000000
0.265000,0.735000,0.624496,0.375504,0.611619,0.388381,0.412420,0.587580,1.000000,0.000000,0.954150,0.045850,0.732029,0.267971,0.669080,0.330920,0.698721,0.301279,0.085732,0.914268,0.895427,0.104573
0.075000,0.925000,0.000000,1.000000,0.000000,1.000000,0.000000,1.000000,0.000000,1.000000,0.000000,1.000000,0.000000,1.000000,0.000000,1.000000,0.000000,1.000000,0.000000,1.000000,1.000000,0.000000
0.790000,0.210000,0.624496,0.375504,0.611619,0.388381,0.750438,0.249562,1.000000,0.000000,0.970604,0.029396,0.732029,0.267971,0.669080,0.330920,0.698721,0.301279,0.979289,0.020711,0.895427,0.104573
0.830000,0.170000,0.624496,0.375504,0.611619,0.388381,0.461603,0.538397,1.000000,0.000000,0.978437,0.021563,0.732029,0.267971,0.669080,0.330920,0.698721,0.301279,0.972732,0.027268,0.895427,0.104573
0.530000,0.470000,0.624496,0.375504,0.611619,0.388381,0.853223,0.146777,1.000000,0.000000,0.056038,0.943962,0.732029,0.267971,0.669080,0.330920,0.106129,0.893871,0.999345,0.000655,0.895427,0.104573
0.510000,0.490000,0.624496,0.375504,0.611619,0.388381,0.027912,0.972088,1.000000,0.000000,0.949372,0.050628,0.732029,0.267971,0.669080,0.330920,0.698721,0.301279,0.152527,0.847473,0.895427,0.104573
0.410000,0.590000,0.624496,0.375504,0.611619,0.388381,0.805716,0.194284,1.000000,0.000000,0.929134,0.070866,0.732029,0.267971,0.669080,0.330920,0.698721,0.301279,0.067873,0.932127,0.895427,0.104573
0.770000,0.230000,0.624496,0.375504,0.611619,0.388381,0.447250,0.552750,1.000000,0.000000,0.965527,0.034473,0.732029,0.267971,0.669080,0.330920,0.698721,0.301279,0.999441,0.000559,0.895427,0.104573
0.500000,0.500000,0.624496,0.375504,0.611619,0.388381,0.461520,0.538480,1.000000,0.000000,0.944745,0.055255,0.732029,0.267971,0.669080,0.330920,0.698721,0.301279,0.001377,0.998623,0.895427,0.104573
0.160000,0.840000,0.624496,0.375504,0.611619,0.388381,0.853223,0.146777,1.000000,0.000000,0.843280,0.156720,0.732029,0.267971,0.669080,0.330920,0.698721,0.301279,0.001961,0.998039,0.895427,0.104573
0.815000,0.185000,0.624496,0.375504,0.611619,0.388381,0.853223,0.146777,1.000000,0.000000,0.978284,0.021716,0.732029,0.267971,0.669080,0.330920,0.698721,0.301279,0.999998,0.000002,0.895427,0.104573
0.230000,0.770000,0.624496,0.375504,0.611619,0.388381,0.853223,0.146777,1.000000,0.000000,0.911618,0.088382,0.732029,0.267971,0.669080,0.330920,0.698721,0.301279,0.664944,0.335056,0.895427,0.104573
0.800000,0.200000,0.624496,0.375504,0.611619,0.388381,0.783676,0.216324,1.000000,0.000000,0.994828,0.005172,0.732029,0.267971,0.669080,0.330920,0.698721,0.301279,0.386437,0.613563,0.895427,0.104573
0.855000,0.145000,1.000000,0.000000,1.000000,0.000000,1.000000,0.000000,1.000000,0.000000,1.000000,0.000000,1.000000,0.000000,1.000000,0.000000,1.000000,0.000000,1.000000,0.000000,1.000000,0.000000
0.655000,0.345000,0.624496,0.375504,0.611619,0.388381,0.068814,0.931186,1.000000,0.000000,0.959575,0.040425,0.732029,0.267971,0.669080,0.330920,0.698721,0.301279,0.000911,0.999089,0.895427,0.104573
0.485000,0.515000,0.624496,0.375504,0.611619,0.388381,0.609634,0.390366,1.000000,0.000000,0.919820,0.080180,0.732029,0.267971,0.669080,0.330920,0.698721,0.301279,0.926643,0.073357,0.895427,0.104573
0.195000,0.805000,0.624496,0.375504,0.611619,0.388381,0.641802,0.358198,1.000000,0.000000,0.823409,0.176591,0.732029,0.267971,0.669080,0.330920,0.698721,0.301279,0.124593,0.875407,0.895427,0.104573
0.175000,0.825000,0.000000,1.000000,0.000000,1.000000,0.000000,1.000000,0.000000,1.000000,0.000000,1.000000,0.000000,1.000000,1.000000,0.000000,1.000000,0.000000,0.000000,1.000000,0.000000,1.000000
0.005000,0.995000,0.000000,1.000000,0.000000,1.000000,0.000000,1.000000,0.000000,1.000000,0.000000,1.000000,0.000000,1.000000,0.000000,1.000000,0.000000,1.000000,0.000000,1.000000,0.000000,1.000000
0.360000,0.640000,0.624496,0.375504,0.611619,0.388381,0.017416,0.982584,1.000000,0.000000,0.954204,0.045796,0.732029,0.267971,0.669080,0.330920,0.698721,0.301279,0.013528,0.986472,0.895427,0.104573
0.385000,0.615000,0.624496,0.375504,0.611619,0.388381,0.015926,0.984074,1.000000,0.000000,0.924974,0.075026,0.732029,0.267971,0.669080,0.330920,0.698721,0.301279,0.013842,0.986158,0.895427,0.104573
0.780000,0.220000,0.624496,0.375504,0.611619,0.388381,0.606189,0.393811,1.000000,0.000000,0.994148,0.005852,0.732029,0.267971,0.669080,0.330920,0.698721,0.301279,0.916806,0.083194,0.895427,0.104573
0.215000,0.785000,0.624496,0.375504,0.611619,0.388381,0.066916,0.933084,1.000000,0.000000,0.932589,0.067411,0.732029,0.267971,0.669080,0.330920,0.698721,0.301279,0.000916,0.999084,0.895427,0.104573
0.055000,0.945000,0.000000,1.000000,0.000000,1.000000,0.000000,1.000000,0.000000,1.000000,0.000000,1.000000,0.000000,1.000000,0.000000,1.000000,0.000000,1.000000,0.000000,1.000000,0.000000,1.000000
0.040000,0.960000,0.000000,1.000000,1.000000,0.000000,0.000000,1.000000,0.000000,1.000000,0.000000,1.000000,0.000000,1.000000,0.000000,1.000000,0.000000,1.000000,0.000000,1.000000,0.000000,1.000000
0.800000,0.200000,0.624496,0.375504,0.611619,0.388381,0.072205,0.927795,1.000000,0.000000,0.982446,0.017554,0.732029,0.267971,0.669080,0.330920,0.698721,0.301279,0.932562,0.067438,0.895427,0.104573
0.360000,0.640000,0.624496,0.375504,0.611619,0.388381,0.471985,0.528015,1.000000,0.000000,0.939135,0.060865,0.732029,0.267971,0.669080,0.330920,0.698721,0.301279,0.014686,0.985314,0.895427,0.104573
0.225000,0.775000,0.624496,0.375504,0.611619,0.388381,0.829654,0.170346,1.000000,0.000000,0.017372,0.982628,0.732029,0.267971,0.669080,0.330920,0.698721,0.301279,0.341922,0.658078,0.895427,0.104573
0.775000,0.225000,0.624496,0.375504,0.611619,0.388381,0.853223,0.146777,1.000000,0.000000,0.968136,0.031864,0.732029,0.267971,0.669080,0.330920,0.698721,0.301279,1.000000,0.000000,0.895427,0.104573
0.800000,0.200000,0.624496,0.375504,0.611619,0.388381,0.557509,0.442491,1.000000,0.000000,0.985868,0.014132,0.732029,0.267971,0.669080,0.330920,0.698721,0.301279,0.927066,0.072934,0.895427,0.104573
0.975000,0.025000,1.000000,0.000000,1.000000,0.000000,1.000000,0.000000,1.000000,0.000000,1.000000,0.000000,1.000000,0.000000,1.000000,0.000000,1.000000,0.000000,1.000000,0.000000,1.000000,0.000000
0.955000,0.045000,1.000000,0.000000,1.000000,0.000000,1.000000,0.000000,1.000000,0.000000,1.000000,0.000000,1.000000,0.000000,1.000000,0.000000,1.000000,0.000000,1.000000,0.000000,1.000000,0.000000
0.135000,0.865000,0.000000,1.000000,0.000000,1.000000,0.000000,1.000000,0.000000,1.000000,1.000000,0.000000,1.000000,0.000000,0.000000,1.000000,0.000000,1.000000,0.000000,1.000000,0.000000,1.000000
0.670000,0.330000,0.624496,0.375504,0.611619,0.388381,0.009378,0.990622,1.000000,0.000000,0.972191,0.027809,0.732029,0.267971,0.669080,0.330920,0.698721,0.301279,0.037244,0.962756,0.895427,0.104573
0.945000,0.055000,1.000000,0.000000,1.000000,0.000000,1.000000,0.000000,1.000000,0.000000,1.000000,0.000000,1.000000,0.000000,1.000000,0.000000,1.000000,0.000000,1.000000,0.000000,1.000000,0.000000
0.460000,0.540000,0.624496,0.375504,0.611619,0.388381,0.587254,0.412746,1.000000,0.000000,0.972881,0.027119,0.732029,0.267971,0.669080,0.330920,0.698721,0.301279,0.676836,0.323164,0.895427,0.104573
0.220000,0.780000,1.000000,0.000000,1.000000,0.000000,1.000000,0.000000,1.000000,0.000000,1.000000,0.000000,1.000000,0.000000,1.000000,0.000000,1.000000,0.000000,1.000000,0.000000,1.000000,0.000000
