0.680000,0.320000,0.885232,0.114768,0.944867,0.055133,0.922291,0.077709,0.999910,0.000090,0.837335,0.162665,1.000000,0.000000,0.902305,0.097695,0.999981,0.000019,1.000000,0.000000,1.000000,0.000000
0.615000,0.385000,0.924915,0.075085,0.944867,0.055133,0.765522,0.234478,0.996939,0.003061,0.838844,0.161156,1.000000,0.000000,0.963931,0.036069,0.989932,0.010068,1.000000,0.000000,1.000000,0.000000
0.150000,0.850000,0.918974,0.081026,0.944867,0.055133,0.997259,0.002741,0.999753,0.000247,0.838621,0.161379,1.000000,0.000000,0.958960,0.041040,0.999996,0.000004,1.000000,0.000000,1.000000,0.000000
0.745000,0.255000,0.925299,0.074701,0.944867,0.055133,0.988720,0.011280,0.999927,0.000073,0.836498,0.163502,1.000000,0.000000,0.965041,0.034959,0.999976,0.000024,1.000000,0.000000,1.000000,0.000000
0.150000,0.850000,0.000000,1.000000,0.000000,1.000000,0.000000,1.000000,0.000000,1.000000,0.000000,1.000000,0.000000,1.000000,0.000000,1.000000,0.000000,1.000000,0.000000,1.000000,0.000000,1.000000
0.915000,0.085000,0.000000,1.000000,0.000000,1.000000,0.000000,1.000000,0.000000,1.000000,0.000000,1.000000,1.000000,0.000000,1.000000,0.000000,1.000000,0.000000,1.000000,0.000000,0.000000,1.000000
0.770000,0.230000,0.943956,0.056044,0.944867,0.055133,0.952200,0.047800,0.999959,0.000041,0.836225,0.163775,1.000000,0.000000,0.997853,0.002147,0.997332,0.002668,1.000000,0.000000,1.000000,0.000000
0.785000,0.215000,0.995977,0.004023,0.944867,0.055133,0.998591,0.001409,1.000000,0.000000,0.837091,0.162909,1.000000,0.000000,0.999999,0.000001,1.000000,0.000000,1.000000,0.000000,1.000000,0.000000
0.670000,0.330000,0.910914,0.089086,0.944867,0.055133,0.891724,0.108276,0.998589,0.001411,0.837946,0.162054,1.000000,0.000000,0.493937,0.506063,0.999612,0.000388,1.000000,0.000000,1.000000,0.000000
0.595000,0.405000,0.960390,0.039610,0.944867,0.055133,0.811330,0.188670,0.999452,0.000548,0.660232,0.339768,1.000000,0.000000,0.995786,0.004214,0.994101,0.005899,1.000000,0.000000,1.000000,0.000000
0.590000,0.410000,0.929164,0.070836,0.944867,0.055133,0.956124,0.043876,0.999907,0.000093,0.837077,0.162923,1.000000,0.000000,0.999638,0.000362,0.999974,0.000026,1.000000,0.000000,1.000000,0.000000
0.655000,0.345000,0.943947,0.056053,0.944867,0.055133,0.933755,0.066245,0.999250,0.000750,0.839120,0.160880,1.000000,0.000000,0.992438,0.007562,0.999562,0.000438,1.000000,0.000000,1.000000,0.000000
0.215000,0.785000,0.000000,1.000000,0.000000,1.000000,0.000000,1.000000,0.000000,1.000000,0.000000,1.000000,0.000000,1.000000,0.000000,1.000000,0.000000,1.000000,0.000000,1.000000,0.000000,1.000000
0.745000,0.255000,0.892533,0.107467,0.944867,0.055133,0.859050,0.140950,0.998664,0.001336,0.837578,0.162422,1.000000,0.000000,0.089201,0.910799,0.996770,0.003230,1.000000,0.000000,1.000000,0.000000
0.665000,0.335000,0.931845,0.068155,0.944867,0.055133,0.843261,0.156739,0.999584,0.000416,0.836589,0.163411,1.000000,0.000000,0.987378,0.012622,0.996448,0.003552,1.000000,0.000000,1.000000,0.000000
0.815000,0.185000,1.000000,0.000000,1.000000,0.000000,1.000000,0.000000,1.000000,0.000000,1.000000,0.000000,1.000000,0.000000,1.000000,0.000000,1.000000,0.000000,1.000000,0.000000,1.000000,0.000000
0.430000,0.570000,0.906364,0.093636,0.944867,0.055133,0.882025,0.117975,0.999937,0.000063,0.836759,0.163241,1.000000,0.000000,0.922513,0.077487,0.998642,0.001358,1.000000,0.000000,1.000000,0.000000
0.845000,0.155000,0.000000,1.000000,0.000000,1.000000,0.000000,1.000000,0.000000,1.000000,0.000000,1.000000,0.000000,1.000000,1.000000,0.000000,1.000000,0.000000,0.000000,1.000000,0.000000,1.000000
0.860000,0.140000,0.969037,0.030963,0.944867,0.055133,0.999126,0.000874,1.000000,0.000000,0.836243,0.163757,1.000000,0.000000,1.000000,0.000000,0.999998,0.000002,1.000000,0.000000,1.000000,0.000000
0.095000,0.905000,0.000000,1.000000,0.000000,1.000000,0.000000,1.000000,0.000000,1.000000,0.000000,1.000000,0.000000,1.000000,0.000000,1.000000,0.000000,1.000000,0.000000,1.000000,0.000000,1.000000
0.800000,0.200000,0.984731,0.015269,0.944867,0.055133,0.998795,0.001205,1.000000,0.000000,0.836173,0.163827,1.000000,0.000000,1.000000,0.000000,1.000000,0.000000,1.000000,0.000000,1.000000,0.000000
0.850000,0.150000,0.932239,0.067761,0.944867,0.055133,0.993086,0.006914,0.999985,0.000015,0.835704,0.164296,1.000000,0.000000,0.998520,0.001480,0.999688,0.000312,1.000000,0.000000,1.000000,0.000000
0.200000,0.800000,0.898292,0.101708,0.944867,0.055133,0.987651,0.012349,0.999989,0.000011,0.837891,0.162109,1.000000,0.000000,0.870600,0.129400,0.999893,0.000107,1.000000,0.000000,1.000000,0.000000
0.200000,0.800000,0.000000,1.000000,1.000000,0.000000,1.000000,0.000000,1.000000,0.000000,0.000000,1.000000,1.000000,0.000000,1.000000,0.000000,0.000000,1.000000,1.000000,0.000000,0.000000,1.000000
0.175000,0.825000,1.000000,0.000000,1.000000,0.000000,1.000000,0.000000,1.000000,0.000000,0.000000,1.000000,1.000000,0.000000,1.000000,0.000000,0.000000,1.000000,1.000000,0.000000,1.000000,0.000000
0.145000,0.855000,0.000000,1.000000,0.000000,1.000000,0.000000,1.000000,0.000000,1.000000,0.000000,1.000000,1.000000,0.000000,0.000000,1.000000,0.000000,1.000000,1.000000,0.000000,0.000000,1.000000
0.665000,0.335000,0.929079,0.070921,0.944867,0.055133,0.634017,0.365983,0.999757,0.000243,0.836011,0.163989,1.000000,0.000000,0.980869,0.019131,0.917090,0.082910,1.000000,0.000000,1.000000,0.000000
0.225000,0.775000,0.911907,0.088093,0.944867,0.055133,0.987101,0.012899,0.999997,0.000003,0.836983,0.163017,1.000000,0.000000,0.998882,0.001118,0.999993,0.000007,1.000000,0.000000,1.000000,0.000000
0.845000,0.155000,1.000000,0.000000,1.000000,0.000000,1.000000,0.000000,1.000000,0.000000,1.000000,0.000000,1.000000,0.000000,1.000000,0.000000,1.000000,0.000000,1.000000,0.000000,1.000000,0.000000
0.840000,0.160000,0.948193,0.051807,0.944867,0.055133,0.999668,0.000332,1.000000,0.000000,0.835669,0.164331,1.000000,0.000000,1.000000,0.000000,1.000000,0.000000,1.000000,0.000000,1.000000,0.000000
0.220000,0.780000,0.000000,1.000000,0.000000,1.000000,1.000000,0.000000,1.000000,0.000000,0.000000,1.000000,1.000000,0.000000,0.000000,1.000000,0.000000,1.000000,0.000000,1.000000,1.000000,0.000000
0.850000,0.150000,1.000000,0.000000,1.000000,0.000000,1.000000,0.000000,1.000000,0.000000,1.000000,0.000000,1.000000,0.000000,1.000000,0.000000,1.000000,0.000000,1.000000,0.000000,1.000000,0.000000
0.750000,0.250000,0.926085,0.073915,0.944867,0.055133,0.990359,0.009641,0.999996,0.000004,0.835116,0.164884,1.000000,0.000000,0.999989,0.000011,0.999944,0.000056,1.000000,0.000000,1.000000,0.000000
0.595000,0.405000,0.903129,0.096871,0.944867,0.055133,0.984828,0.015172,0.999984,0.000016,0.837450,0.162550,1.000000,0.000000,0.954708,0.045292,0.999998,0.000002,1.000000,0.000000,1.000000,0.000000
0.270000,0.730000,0.955203,0.044797,0.944867,0.055133,0.997712,0.002288,0.999998,0.000002,0.837204,0.162796,1.000000,0.000000,0.999998,0.000002,1.000000,0.000000,1.000000,0.000000,1.000000,0.000000
0.660000,0.340000,0.918002,0.081998,0.944867,0.055133,0.817450,0.182550,0.995482,0.004518,0.838227,0.161773,1.000000,0.000000,0.743768,0.256232,0.998680,0.001320,1.000000,0.000000,1.000000,0.000000
0.910000,0.090000,0.000000,1.000000,0.000000,1.000000,1.000000,0.000000,0.000000,1.000000,0.000000,1.000000,0.000000,1.000000,0.000000,1.000000,0.000000,1.000000,0.000000,1.000000,1.000000,0.000000
0.840000,0.160000,0.000000,1.000000,1.000000,0.000000,1.000000,0.000000,1.000000,0.000000,0.000000,1.000000,1.000000,0.000000,1.000000,0.000000,1.000000,0.000000,1.000000,0.000000,1.000000,0.000000
0.675000,0.325000,0.934649,0.065351,0.944867,0.055133,0.898650,0.101350,0.999926,0.000074,0.835931,0.164069,1.000000,0.000000,0.997865,0.002135,0.990951,0.009049,1.000000,0.000000,1.000000,0.000000
0.175000,0.825000,0.000000,1.000000,1.000000,0.000000,0.000000,1.000000,0.000000,1.000000,0.000000,1.000000,0.000000,1.000000,0.000000,1.000000,0.000000,1.000000,0.000000,1.000000,0.000000,1.000000
0.665000,0.335000,0.000000,1.000000,1.000000,0.000000,0.000000,1.000000,0.000000,1.000000,0.000000,1.000000,0.000000,1.000000,1.000000,0.000000,0.000000,1.000000,0.000000,1.000000,0.000000,1.000000
0.205000,0.795000,0.000000,1.000000,0.000000,1.000000,0.000000,1.000000,0.000000,1.000000,0.000000,1.000000,0.000000,1.000000,0.000000,1.000000,0.000000,1.000000,0.000000,1.000000,0.000000,1.000000
0.785000,0.215000,1.000000,0.000000,0.999998,0.000002,1.000000,0.000000,1.000000,0.000000,0.000000,1.000000,1.000000,0.000000,1.000000,0.000000,0.000000,1.000000,1.000000,0.000000,1.000000,0.000000
0.840000,0.160000,0.909797,0.090203,0.944867,0.055133,0.944399,0.055601,0.999557,0.000443,0.838122,0.161878,1.000000,0.000000,0.654520,0.345480,0.999992,0.000008,1.000000,0.000000,1.000000,0.000000
0.515000,0.485000,0.899727,0.100273,0.944867,0.055133,0.964478,0.035522,0.999960,0.000040,0.834985,0.165015,1.000000,0.000000,0.925054,0.074946,0.997006,0.002994,1.000000,0.000000,1.000000,0.000000
0.175000,0.825000,0.000000,1.000000,0.000000,1.000000,0.000000,1.000000,0.000000,1.000000,0.000000,1.000000,0.000000,1.000000,0.000000,1.000000,0.000000,1.000000,0.000000,1.000000,0.000000,1.000000
0.685000,0.315000,0.952778,0.047222,0.944867,0.055133,0.989724,0.010276,0.999817,0.000183,0.837763,0.162237,1.000000,0.000000,0.993212,0.006788,0.999998,0.000002,1.000000,0.000000,1.000000,0.000000
0.800000,0.200000,0.961083,0.038917,0.944867,0.055133,0.999524,0.000476,1.000000,0.000000,0.837866,0.162134,1.000000,0.000000,0.999987,0.000013,1.000000,0.000000,1.000000,0.000000,1.000000,0.000000
0.175000,0.825000,0.000000,1.000000,0.000000,1.000000,0.000000,1.000000,0.000000,1.000000,0.000000,1.000000,0.000000,1.000000,0.000000,1.000000,0.000000,1.000000,0.000000,1.000000,0.000000,1.000000
0.290000,0.710000,0.000000,1.000000,1.000000,0.000000,0.000000,1.000000,0.000000,1.000000,0.000000,1.000000,0.000000,1.000000,0.000000,1.000000,0.000000,1.000000,0.000000,1.000000,1.000000,0.000000
0.705000,0.295000,0.928387,0.071613,0.944867,0.055133,0.818022,0.181978,0.996462,0.003538,0.837434,0.162566,1.000000,0.000000,0.925449,0.074551,0.772299,0.227701,1.000000,0.000000,1.000000,0.000000
0.585000,0.415000,0.861184,0.138816,0.944867,0.055133,0.931148,0.068852,0.999818,0.000182,0.836752,0.163248,1.000000,0.000000,0.690951,0.309049,0.999275,0.000725,1.000000,0.000000,1.000000,0.000000
0.725000,0.275000,0.938602,0.061398,0.944867,0.055133,0.947224,0.052776,0.999890,0.000110,0.838028,0.161972,1.000000,0.000000,0.977594,0.022406,0.999491,0.000509,1.000000,0.000000,1.000000,0.000000
0.775000,0.225000,0.931118,0.068882,0.944867,0.055133,0.999626,0.000374,1.000000,0.000000,0.109204,0.890796,1.000000,0.000000,0.999828,0.000172,1.000000,0.000000,1.000000,0.000000,1.000000,0.000000
0.630000,0.370000,0.919496,0.080504,0.944867,0.055133,0.872913,0.127087,0.999596,0.000404,0.837067,0.162933,1.000000,0.000000,0.987598,0.012402,0.998919,0.001081,1.000000,0.000000,1.000000,0.000000
0.815000,0.185000,1.000000,0.000000,1.000000,0.000000,1.000000,0.000000,1.000000,0.000000,1.000000,0.000000,1.000000,0.000000,1.000000,0.000000,1.000000,0.000000,1.000000,0.000000,0.000000,1.000000
0.720000,0.280000,0.905760,0.094240,0.944867,0.055133,0.909431,0.090569,0.999889,0.000111,0.836321,0.163679,1.000000,0.000000,0.979726,0.020274,0.999774,0.000226,1.000000,0.000000,1.000000,0.000000
0.620000,0.380000,0.901023,0.098977,0.944867,0.055133,0.773134,0.226866,0.997200,0.002800,0.839585,0.160415,1.000000,0.000000,0.703109,0.296891,0.999999,0.000001,1.000000,0.000000,1.000000,0.000000
0.650000,0.350000,0.901260,0.098740,0.944867,0.055133,0.932427,0.067573,0.997319,0.002681,0.837764,0.162236,1.000000,0.000000,0.111276,0.888724,0.481207,0.518793,1.000000,0.000000,1.000000,0.000000
0.570000,0.430000,0.953656,0.046344,0.944867,0.055133,0.936375,0.063625,0.999757,0.000243,0.838212,0.161788,1.000000,0.000000,0.995006,0.004994,0.999925,0.000075,1.000000,0.000000,1.000000,0.000000
0.795000,0.205000,0.944681,0.055319,0.944867,0.055133,0.715025,0.284975,0.999327,0.000673,0.837142,0.162858,1.000000,0.000000,0.998993,0.001007,0.995811,0.004189,1.000000,0.000000,1.000000,0.000000
0.825000,0.175000,0.934021,0.065979,0.944867,0.055133,0.998896,0.001104,1.000000,0.000000,0.836845,0.163155,1.000000,0.000000,0.999938,0.000062,0.999999,0.000001,1.000000,0.000000,1.000000,0.000000
0.135000,0.865000,0.000000,1.000000,0.000000,1.000000,0.000000,1.000000,0.000000,1.000000,0.000000,1.000000,0.000000,1.000000,0.000000,1.000000,0.000000,1.000000,0.000000,1.000000,0.000000,1.000000
0.795000,0.205000,0.896692,0.103308,0.944867,0.055133,0.879448,0.120552,0.995783,0.004217,0.837436,0.162564,1.000000,0.000000,0.279098,0.720902,0.813760,0.186240,1.000000,0.000000,1.000000,0.000000
0.350000,0.650000,0.932128,0.067872,0.944867,0.055133,0.996400,0.003600,1.000000,0.000000,0.834871,0.165129,1.000000,0.000000,0.999986,0.000014,0.999985,0.000015,1.000000,0.000000,1.000000,0.000000
0.785000,0.215000,0.877158,0.122842,0.944867,0.055133,0.911519,0.088481,0.999299,0.000701,0.837635,0.162365,1.000000,0.000000,0.095527,0.904473,0.999972,0.000028,1.000000,0.000000,1.000000,0.000000
0.800000,0.200000,0.968735,0.031265,0.944867,0.055133,0.999201,0.000799,1.000000,0.000000,0.837431,0.162569,1.000000,0.000000,0.999954,0.000046,1.000000,0.000000,1.000000,0.000000,1.000000,0.000000
0.765000,0.235000,1.000000,0.000000,1.000000,0.000000,1.000000,0.000000,1.000000,0.000000,1.000000,0.000000,1.000000,0.000000,1.000000,0.000000,1.000000,0.000000,1.000000,0.000000,1.000000,0.000000
0.680000,0.320000,0.940963,0.059037,0.944867,0.055133,0.937707,0.062293,0.999720,0.000280,0.838504,0.161496,1.000000,0.000000,0.991841,0.008159,0.999895,0.000105,1.000000,0.000000,1.000000,0.000000
0.730000,0.270000,0.927216,0.072784,0.944867,0.055133,0.780077,0.219923,0.984876,0.015124,0.418487,0.581513,1.000000,0.000000,0.625933,0.374067,0.001904,0.998096,1.000000,0.000000,1.000000,0.000000
0.815000,0.185000,0.937570,0.062430,0.944867,0.055133,0.911298,0.088702,0.999460,0.000540,0.837171,0.162829,1.000000,0.000000,0.985723,0.014277,0.999463,0.000537,1.000000,0.000000,1.000000,0.000000
0.345000,0.655000,1.000000,0.000000,0.000000,1.000000,1.000000,0.000000,1.000000,0.000000,1.000000,0.000000,1.000000,0.000000,1.000000,0.000000,1.000000,0.000000,1.000000,0.000000,1.000000,0.000000
0.505000,0.495000,0.940410,0.059590,0.944867,0.055133,0.998286,0.001714,1.000000,0.000000,0.836479,0.163521,1.000000,0.000000,0.999985,0.000015,1.000000,0.000000,1.000000,0.000000,1.000000,0.000000
0.890000,0.110000,1.000000,0.000000,1.000000,0.000000,1.000000,0.000000,1.000000,0.000000,0.000000,1.000000,1.000000,0.000000,1.000000,0.000000,0.000000,1.000000,1.000000,0.000000,1.000000,0.000000
0.500000,0.500000,0.883856,0.116144,0.944867,0.055133,0.895087,0.104913,0.999090,0.000910,0.838634,0.161366,1.000000,0.000000,0.296720,0.703280,0.999708,0.000292,1.000000,0.000000,1.000000,0.000000
0.540000,0.460000,0.927452,0.072548,0.944867,0.055133,0.959440,0.040560,0.998376,0.001624,0.838327,0.161673,1.000000,0.000000,0.955950,0.044050,0.999812,0.000188,1.000000,0.000000,1.000000,0.000000
0.795000,0.205000,0.975483,0.024517,0.944867,0.055133,0.997819,0.002181,0.999988,0.000012,0.837442,0.162558,1.000000,0.000000,0.999999,0.000001,1.000000,0.000000,1.000000,0.000000,1.000000,0.000000
0.530000,0.470000,0.893833,0.106167,0.944867,0.055133,0.976422,0.023578,0.998379,0.001621,0.838126,0.161874,1.000000,0.000000,0.382869,0.617131,0.999893,0.000107,1.000000,0.000000,1.000000,0.000000
0.785000,0.215000,0.927898,0.072102,0.944867,0.055133,0.783924,0.216076,0.999037,0.000963,0.836660,0.163340,1.000000,0.000000,0.884035,0.115965,0.999212,0.000788,1.000000,0.000000,1.000000,0.000000
0.845000,0.155000,1.000000,0.000000,1.000000,0.000000,1.000000,0.000000,1.000000,0.000000,1.000000,0.000000,1.000000,0.000000,1.000000,0.000000,1.000000,0.000000,1.000000,0.000000,0.000000,1.000000
0.795000,0.205000,0.594653,0.405347,0.696602,0.303398,0.685807,0.314193,0.978812,0.021188,0.890463,0.109537,0.678130,0.321870,0.867695,0.132305,0.765711,0.234289,0.864021,0.135979,1.000000,0.000000
0.160000,0.840000,0.000000,1.000000,0.000000,1.000000,0.000000,1.000000,0.000000,1.000000,0.000000,1.000000,0.000000,1.000000,0.000000,1.000000,0.000000,1.000000,0.000000,1.000000,0.000000,1.000000
0.680000,0.320000,0.594653,0.405347,0.684623,0.315377,0.685807,0.314193,0.978812,0.021188,0.892968,0.107032,0.678130,0.321870,0.518082,0.481918,0.774834,0.225166,0.864021,0.135979,1.000000,0.000000
0.775000,0.225000,0.594653,0.405347,0.679397,0.320603,0.685807,0.314193,0.978812,0.021188,0.134331,0.865669,0.678130,0.321870,0.648963,0.351037,0.741913,0.258087,0.864021,0.135979,1.000000,0.000000
0.900000,0.100000,1.000000,0.000000,1.000000,0.000000,1.000000,0.000000,0.000000,1.000000,1.000000,0.000000,1.000000,0.000000,1.000000,0.000000,1.000000,0.000000,1.000000,0.000000,1.000000,0.000000
0.325000,0.675000,0.594653,0.405347,0.690129,0.309871,0.685807,0.314193,0.978812,0.021188,0.894956,0.105044,0.678130,0.321870,0.446688,0.553312,0.746793,0.253207,0.864021,0.135979,1.000000,0.000000
0.790000,0.210000,1.000000,0.000000,1.000000,0.000000,1.000000,0.000000,1.000000,0.000000,1.000000,0.000000,1.000000,0.000000,1.000000,0.000000,1.000000,0.000000,1.000000,0.000000,0.000000,1.000000
0.905000,0.095000,1.000000,0.000000,1.000000,0.000000,1.000000,0.000000,0.000000,1.000000,1.000000,0.000000,1.000000,0.000000,1.000000,0.000000,1.000000,0.000000,1.000000,0.000000,1.000000,0.000000
0.410000,0.590000,0.594653,0.405347,0.703251,0.296749,0.690217,0.309783,0.978812,0.021188,0.892736,0.107264,0.678130,0.321870,0.458213,0.541787,0.807259,0.192741,0.864021,0.135979,1.000000,0.000000
0.685000,0.315000,0.594653,0.405347,0.702085,0.297915,0.823913,0.176087,0.978812,0.021188,0.890621,0.109379,0.678130,0.321870,0.612650,0.387350,0.721785,0.278215,0.864021,0.135979,1.000000,0.000000
0.605000,0.395000,0.594653,0.405347,0.687784,0.312216,0.685807,0.314193,0.978812,0.021188,0.890612,0.109388,0.678130,0.321870,0.631764,0.368236,0.802931,0.197069,0.864021,0.135979,1.000000,0.000000
0.580000,0.420000,0.594653,0.405347,0.708176,0.291824,0.771693,0.228307,0.978812,0.021188,0.892218,0.107782,0.678130,0.321870,0.811630,0.188370,0.661115,0.338885,0.864021,0.135979,1.000000,0.000000
0.455000,0.545000,0.594653,0.405347,0.690866,0.309134,0.686787,0.313213,0.978812,0.021188,0.891591,0.108409,0.678130,0.321870,0.759327,0.240673,0.786820,0.213180,0.864021,0.135979,1.000000,0.000000
0.725000,0.275000,0.594653,0.405347,0.696629,0.303371,0.685807,0.314193,0.978812,0.021188,0.892849,0.107151,0.678130,0.321870,0.814805,0.185195,0.386892,0.613108,0.864021,0.135979,1.000000,0.000000
0.695000,0.305000,0.594653,0.405347,0.691138,0.308862,0.810950,0.189050,0.978812,0.021188,0.891737,0.108263,0.678130,0.321870,0.880709,0.119291,0.784098,0.215902,0.864021,0.135979,1.000000,0.000000
0.540000,0.460000,0.594653,0.405347,0.685884,0.314116,0.685807,0.314193,0.978812,0.021188,0.890331,0.109669,0.678130,0.321870,0.823857,0.176143,0.784078,0.215922,0.864021,0.135979,1.000000,0.000000
0.645000,0.355000,0.594653,0.405347,0.680710,0.319290,0.685807,0.314193,0.978812,0.021188,0.890426,0.109574,0.678130,0.321870,0.785962,0.214038,0.802173,0.197827,0.864021,0.135979,1.000000,0.000000
0.295000,0.705000,0.594653,0.405347,0.691565,0.308435,0.685807,0.314193,0.978812,0.021188,0.893155,0.106845,0.678130,0.321870,0.717367,0.282633,0.771251,0.228749,0.864021,0.135979,1.000000,0.000000
0.320000,0.680000,0.594653,0.405347,0.685667,0.314333,0.685807,0.314193,0.978812,0.021188,0.893092,0.106908,0.678130,0.321870,0.734403,0.265597,0.776918,0.223082,0.864021,0.135979,1.000000,0.000000
0.610000,0.390000,0.594653,0.405347,0.705041,0.294959,0.685807,0.314193,0.978812,0.021188,0.890568,0.109432,0.678130,0.321870,0.561053,0.438947,0.815654,0.184346,0.864021,0.135979,1.000000,0.000000
0.290000,0.710000,0.594653,0.405347,0.689972,0.310028,0.685807,0.314193,0.978812,0.021188,0.891135,0.108865,0.678130,0.321870,0.408760,0.591240,0.810749,0.189251,0.864021,0.135979,1.000000,0.000000
0.445000,0.555000,0.594653,0.405347,0.681291,0.318709,0.710187,0.289813,0.978812,0.021188,0.889873,0.110127,0.678130,0.321870,0.778350,0.221650,0.809057,0.190943,0.864021,0.135979,1.000000,0.000000
0.230000,0.770000,1.000000,0.000000,1.000000,0.000000,1.000000,0.000000,1.000000,0.000000,1.000000,0.000000,1.000000,0.000000,1.000000,0.000000,1.000000,0.000000,1.000000,0.000000,0.000000,1.000000
0.810000,0.190000,1.000000,0.000000,1.000000,0.000000,1.000000,0.000000,1.000000,0.000000,1.000000,0.000000,1.000000,0.000000,1.000000,0.000000,1.000000,0.000000,1.000000,0.000000,1.000000,0.000000
0.095000,0.905000,0.000000,1.000000,0.000000,1.000000,0.000000,1.000000,0.000000,1.000000,0.000000,1.000000,0.000000,1.000000,0.000000,1.000000,0.000000,1.000000,0.000000,1.000000,0.000000,1.000000
0.745000,0.255000,0.594653,0.405347,0.700253,0.299747,0.685807,0.314193,0.978812,0.021188,0.892028,0.107972,0.678130,0.321870,0.803611,0.196389,0.766562,0.233438,0.864021,0.135979,1.000000,0.000000
0.270000,0.730000,0.594653,0.405347,0.689956,0.310044,0.685807,0.314193,0.978812,0.021188,0.895684,0.104316,0.678130,0.321870,0.658060,0.341940,0.757509,0.242491,0.864021,0.135979,1.000000,0.000000
0.825000,0.175000,0.594653,0.405347,0.682617,0.317383,0.685807,0.314193,0.978812,0.021188,0.896515,0.103485,0.678130,0.321870,0.485722,0.514278,0.751037,0.248963,0.864021,0.135979,1.000000,0.000000
0.100000,0.900000,0.000000,1.000000,0.000000,1.000000,0.000000,1.000000,0.000000,1.000000,0.000000,1.000000,0.000000,1.000000,0.000000,1.000000,0.000000,1.000000,0.000000,1.000000,0.000000,1.000000
0.395000,0.605000,0.594653,0.405347,0.699066,0.300934,0.685807,0.314193,0.978812,0.021188,0.891186,0.108814,0.678130,0.321870,0.375594,0.624406,0.804461,0.195539,0.864021,0.135979,1.000000,0.000000
0.770000,0.230000,0.594653,0.405347,0.695613,0.304387,0.685807,0.314193,0.978812,0.021188,0.889723,0.110277,0.678130,0.321870,0.754104,0.245896,0.767215,0.232785,0.864021,0.135979,1.000000,0.000000
0.580000,0.420000,0.594653,0.405347,0.703246,0.296754,0.685807,0.314193,0.978812,0.021188,0.892619,0.107381,0.678130,0.321870,0.746615,0.253385,0.255071,0.744929,0.864021,0.135979,1.000000,0.000000
0.195000,0.805000,0.000000,1.000000,0.000000,1.000000,0.000000,1.000000,0.000000,1.000000,0.000000,1.000000,0.000000,1.000000,0.000000,1.000000,0.000000,1.000000,0.000000,1.000000,0.000000,1.000000
0.880000,0.120000,0.594653,0.405347,0.683669,0.316331,0.685807,0.314193,0.978812,0.021188,0.889223,0.110777,0.678130,0.321870,0.866972,0.133028,0.773227,0.226773,0.864021,0.135979,1.000000,0.000000
0.560000,0.440000,0.594653,0.405347,0.691978,0.308022,0.703080,0.296920,0.978812,0.021188,0.890297,0.109703,0.678130,0.321870,0.589991,0.410009,0.809114,0.190886,0.864021,0.135979,1.000000,0.000000
0.225000,0.775000,0.594653,0.405347,0.700051,0.299949,0.685807,0.314193,0.978812,0.021188,0.893227,0.106773,0.678130,0.321870,0.495344,0.504656,0.790785,0.209215,0.864021,0.135979,1.000000,0.000000
0.540000,0.460000,0.594653,0.405347,0.679970,0.320030,0.685807,0.314193,0.978812,0.021188,0.747912,0.252088,0.678130,0.321870,0.816220,0.183780,0.717023,0.282977,0.864021,0.135979,1.000000,0.000000
0.510000,0.490000,0.594653,0.405347,0.673438,0.326562,0.685807,0.314193,0.978812,0.021188,0.890807,0.109193,0.678130,0.321870,0.362411,0.637589,0.831514,0.168486,0.864021,0.135979,1.000000,0.000000
0.765000,0.235000,1.000000,0.000000,1.000000,0.000000,1.000000,0.000000,1.000000,0.000000,1.000000,0.000000,1.000000,0.000000,1.000000,0.000000,1.000000,0.000000,1.000000,0.000000,1.000000,0.000000
0.435000,0.565000,0.594653,0.405347,0.689885,0.310115,0.685807,0.314193,0.978812,0.021188,0.889774,0.110226,0.678130,0.321870,0.695088,0.304912,0.797802,0.202198,0.864021,0.135979,1.000000,0.000000
0.770000,0.230000,0.594653,0.405347,0.693518,0.306482,0.685807,0.314193,0.978812,0.021188,0.890944,0.109056,0.678130,0.321870,0.818754,0.181246,0.742377,0.257623,0.864021,0.135979,1.000000,0.000000
0.470000,0.530000,0.594653,0.405347,0.691726,0.308274,0.685807,0.314193,0.978812,0.021188,0.891096,0.108904,0.678130,0.321870,0.533624,0.466376,0.810232,0.189768,0.864021,0.135979,1.000000,0.000000
0.890000,0.110000,1.000000,0.000000,1.000000,0.000000,1.000000,0.000000,1.000000,0.000000,1.000000,0.000000,1.000000,0.000000,1.000000,0.000000,1.000000,0.000000,1.000000,0.000000,1.000000,0.000000
0.800000,0.200000,0.594653,0.405347,0.704198,0.295802,0.790088,0.209912,0.978812,0.021188,0.888124,0.111876,0.678130,0.321870,0.842473,0.157527,0.785322,0.214678,0.864021,0.135979,1.000000,0.000000
0.615000,0.385000,0.594653,0.405347,0.686144,0.313856,0.685807,0.314193,0.978812,0.021188,0.892929,0.107071,0.678130,0.321870,0.394473,0.605527,0.790670,0.209330,0.864021,0.135979,1.000000,0.000000
0.895000,0.105000,1.000000,0.000000,1.000000,0.000000,1.000000,0.000000,1.000000,0.000000,1.000000,0.000000,1.000000,0.000000,1.000000,0.000000,1.000000,0.000000,1.000000,0.000000,1.000000,0.000000
0.745000,0.255000,1.000000,0.000000,1.000000,0.000000,1.000000,0.000000,1.000000,0.000000,1.000000,0.000000,1.000000,0.000000,1.000000,0.000000,1.000000,0.000000,1.000000,0.000000,0.000000,1.000000
0.115000,0.885000,0.000000,1.000000,0.000000,1.000000,0.000000,1.000000,0.000000,1.000000,0.000000,1.000000,0.000000,1.000000,0.000000,1.000000,0.000000,1.000000,0.000000,1.000000,0.000000,1.000000
0.730000,0.270000,0.594653,0.405347,0.671402,0.328598,0.833288,0.166712,0.978812,0.021188,0.896227,0.103773,0.678130,0.321870,0.704317,0.295683,0.784986,0.215014,0.864021,0.135979,1.000000,0.000000
0.515000,0.485000,0.594653,0.405347,0.693260,0.306740,0.685807,0.314193,0.978812,0.021188,0.889582,0.110418,0.678130,0.321870,0.705372,0.294628,0.802635,0.197365,0.864021,0.135979,1.000000,0.000000
0.810000,0.190000,0.000000,1.000000,1.000000,0.000000,0.000000,1.000000,0.000000,1.000000,1.000000,0.000000,1.000000,0.000000,0.000000,1.000000,0.000000,1.000000,1.000000,0.000000,0.000000,1.000000
0.105000,0.895000,0.000000,1.000000,0.000000,1.000000,0.000000,1.000000,0.000000,1.000000,0.000000,1.000000,0.000000,1.000000,0.000000,1.000000,0.000000,1.000000,0.000000,1.000000,0.000000,1.000000
0.825000,0.175000,0.594653,0.405347,0.678034,0.321966,0.685807,0.314193,0.978812,0.021188,0.448393,0.551607,0.678130,0.321870,0.491097,0.508903,0.839132,0.160868,0.864021,0.135979,1.000000,0.000000
0.685000,0.315000,0.594653,0.405347,0.690684,0.309316,0.685807,0.314193,0.978812,0.021188,0.891062,0.108938,0.678130,0.321870,0.504363,0.495637,0.789833,0.210167,0.864021,0.135979,1.000000,0.000000
0.195000,0.805000,0.000000,1.000000,0.000000,1.000000,1.000000,0.000000,0.000000,1.000000,0.000000,1.000000,0.000000,1.000000,0.000000,1.000000,0.000000,1.000000,0.000000,1.000000,0.000000,1.000000
0.750000,0.250000,0.594653,0.405347,0.702179,0.297821,0.685807,0.314193,0.978812,0.021188,0.892516,0.107484,0.678130,0.321870,0.691022,0.308978,0.227817,0.772183,0.864021,0.135979,1.000000,0.000000
0.815000,0.185000,1.000000,0.000000,1.000000,0.000000,1.000000,0.000000,1.000000,0.000000,1.000000,0.000000,1.000000,0.000000,1.000000,0.000000,1.000000,0.000000,1.000000,0.000000,0.000000,1.000000
0.640000,0.360000,0.594653,0.405347,0.699655,0.300345,0.685807,0.314193,0.978812,0.021188,0.890759,0.109241,0.678130,0.321870,0.434846,0.565154,0.806818,0.193182,0.864021,0.135979,1.000000,0.000000
0.810000,0.190000,0.594653,0.405347,0.697294,0.302706,0.685807,0.314193,0.978812,0.021188,0.894532,0.105468,0.678130,0.321870,0.738961,0.261039,0.810642,0.189358,0.864021,0.135979,1.000000,0.000000
0.720000,0.280000,0.594653,0.405347,0.695661,0.304339,0.685807,0.314193,0.978812,0.021188,0.889325,0.110675,0.678130,0.321870,0.409821,0.590179,0.312852,0.687148,0.864021,0.135979,1.000000,0.000000
0.695000,0.305000,0.594653,0.405347,0.695564,0.304436,0.685807,0.314193,0.978812,0.021188,0.889558,0.110442,0.678130,0.321870,0.489578,0.510422,0.823742,0.176258,0.864021,0.135979,1.000000,0.000000
0.935000,0.065000,0.594653,0.405347,0.689621,0.310379,0.685807,0.314193,0.978812,0.021188,0.895170,0.104830,0.678130,0.321870,0.568048,0.431952,0.746633,0.253367,0.864021,0.135979,1.000000,0.000000
0.725000,0.275000,0.594653,0.405347,0.711591,0.288409,0.685807,0.314193,0.978812,0.021188,0.889630,0.110370,0.678130,0.321870,0.765807,0.234193,0.034726,0.965274,0.864021,0.135979,1.000000,0.000000
0.705000,0.295000,0.594653,0.405347,0.689799,0.310201,0.685807,0.314193,0.978812,0.021188,0.759295,0.240705,0.678130,0.321870,0.625723,0.374277,0.797079,0.202921,0.864021,0.135979,1.000000,0.000000
0.565000,0.435000,0.594653,0.405347,0.694393,0.305607,0.685807,0.314193,0.978812,0.021188,0.892569,0.107431,0.678130,0.321870,0.885042,0.114958,0.729957,0.270043,0.864021,0.135979,1.000000,0.000000
0.685000,0.315000,1.000000,0.000000,1.000000,0.000000,1.000000,0.000000,1.000000,0.000000,1.000000,0.000000,1.000000,0.000000,1.000000,0.000000,1.000000,0.000000,1.000000,0.000000,0.000000,1.000000
0.745000,0.255000,1.000000,0.000000,1.000000,0.000000,1.000000,0.000000,1.000000,0.000000,1.000000,0.000000,1.000000,0.000000,1.000000,0.000000,1.000000,0.000000,1.000000,0.000000,1.000000,0.000000
0.900000,0.100000,0.594653,0.405347,0.702630,0.297370,0.685807,0.314193,0.978812,0.021188,0.888902,0.111098,0.678130,0.321870,0.679047,0.320953,0.803493,0.196507,0.864021,0.135979,1.000000,0.000000
0.820000,0.180000,0.594653,0.405347,0.695874,0.304126,0.685807,0.314193,0.978812,0.021188,0.891646,0.108354,0.678130,0.321870,0.836861,0.163139,0.760827,0.239173,0.864021,0.135979,1.000000,0.000000
0.895000,0.105000,0.594653,0.405347,0.695219,0.304781,0.685807,0.314193,0.978812,0.021188,0.892526,0.107474,0.678130,0.321870,0.255774,0.744226,0.825514,0.174486,0.864021,0.135979,1.000000,0.000000
0.805000,0.195000,1.000000,0.000000,1.000000,0.000000,0.000000,1.000000,1.000000,0.000000,1.000000,0.000000,1.000000,0.000000,1.000000,0.000000,1.000000,0.000000,1.000000,0.000000,1.000000,0.000000
0.710000,0.290000,0.594653,0.405347,0.700499,0.299501,0.685807,0.314193,0.978812,0.021188,0.892113,0.107887,0.678130,0.321870,0.883247,0.116753,0.731750,0.268250,0.864021,0.135979,1.000000,0.000000
0.370000,0.630000,0.594653,0.405347,0.685187,0.314813,0.685807,0.314193,0.978812,0.021188,0.893598,0.106402,0.678130,0.321870,0.420700,0.579300,0.787481,0.212519,0.864021,0.135979,1.000000,0.000000
0.735000,0.265000,0.594653,0.405347,0.686500,0.313500,0.685807,0.314193,0.978812,0.021188,0.891930,0.108070,0.678130,0.321870,0.299879,0.700121,0.828572,0.171428,0.864021,0.135979,1.000000,0.000000
0.150000,0.850000,0.000000,1.000000,0.000000,1.000000,0.000000,1.000000,0.000000,1.000000,0.000000,1.000000,0.000000,1.000000,0.000000,1.000000,0.000000,1.000000,0.000000,1.000000,0.000000,1.000000
0.810000,0.190000,1.000000,0.000000,1.000000,0.000000,1.000000,0.000000,1.000000,0.000000,1.000000,0.000000,1.000000,0.000000,1.000000,0.000000,1.000000,0.000000,1.000000,0.000000,1.000000,0.000000
0.295000,0.705000,0.594653,0.405347,0.694353,0.305647,0.730419,0.269581,0.978812,0.021188,0.893542,0.106458,0.678130,0.321870,0.864722,0.135278,0.744893,0.255107,0.864021,0.135979,1.000000,0.000000
0.280000,0.720000,0.594653,0.405347,0.685061,0.314939,0.685807,0.314193,0.978812,0.021188,0.895376,0.104624,0.678130,0.321870,0.519124,0.480876,0.756906,0.243094,0.864021,0.135979,1.000000,0.000000
0.870000,0.130000,1.000000,0.000000,1.000000,0.000000,1.000000,0.000000,1.000000,0.000000,1.000000,0.000000,1.000000,0.000000,1.000000,0.000000,1.000000,0.000000,1.000000,0.000000,1.000000,0.000000
0.185000,0.815000,0.000000,1.000000,0.000000,1.000000,1.000000,0.000000,0.000000,1.000000,0.000000,1.000000,1.000000,0.000000,0.000000,1.000000,0.000000,1.000000,0.000000,1.000000,0.000000,1.000000
0.775000,0.225000,0.623944,0.376056,0.613658,0.386342,0.107934,0.892066,0.997633,0.002367,0.999982,0.000018,0.366966,0.633034,0.999999,0.000001,0.000000,1.000000,1.000000,0.000000,0.000000,1.000000
0.780000,0.220000,0.492767,0.507233,0.613658,0.386342,0.002050,0.997950,0.712563,0.287437,0.998952,0.001048,0.000000,1.000000,0.999986,0.000014,0.000000,1.000000,1.000000,0.000000,0.000000,1.000000
0.565000,0.435000,0.518432,0.481568,0.613658,0.386342,0.002425,0.997575,0.712563,0.287437,0.998721,0.001279,0.000000,1.000000,0.999968,0.000032,0.000000,1.000000,1.000000,0.000000,0.000000,1.000000
0.895000,0.105000,1.000000,0.000000,1.000000,0.000000,1.000000,0.000000,1.000000,0.000000,1.000000,0.000000,1.000000,0.000000,1.000000,0.000000,1.000000,0.000000,1.000000,0.000000,1.000000,0.000000
0.795000,0.205000,0.501671,0.498329,0.613658,0.386342,0.004941,0.995059,0.712563,0.287437,0.999481,0.000519,0.000000,1.000000,0.999961,0.000039,0.000000,1.000000,1.000000,0.000000,0.000000,1.000000
0.700000,0.300000,0.452965,0.547035,0.613658,0.386342,0.001895,0.998105,0.712563,0.287437,0.999291,0.000709,0.000000,1.000000,0.999907,0.000093,0.000000,1.000000,1.000000,0.000000,0.000000,1.000000
0.860000,0.140000,0.572432,0.427568,0.613658,0.386342,0.002855,0.997145,0.712563,0.287437,0.999959,0.000041,0.000000,1.000000,0.999935,0.000065,0.000000,1.000000,1.000000,0.000000,0.000000,1.000000
0.140000,0.860000,0.000000,1.000000,0.000000,1.000000,0.000000,1.000000,0.000000,1.000000,0.000000,1.000000,0.000000,1.000000,0.000000,1.000000,0.000000,1.000000,0.000000,1.000000,0.000000,1.000000
0.310000,0.690000,0.545679,0.454321,0.613658,0.386342,0.008314,0.991686,0.712563,0.287437,0.999958,0.000042,0.000000,1.000000,0.999990,0.000010,0.000000,1.000000,1.000000,0.000000,0.000000,1.000000
0.780000,0.220000,1.000000,0.000000,1.000000,0.000000,1.000000,0.000000,0.000000,1.000000,0.000000,1.000000,0.000000,1.000000,0.000000,1.000000,1.000000,0.000000,1.000000,0.000000,0.000000,1.000000
0.235000,0.765000,1.000000,0.000000,1.000000,0.000000,1.000000,0.000000,1.000000,0.000000,1.000000,0.000000,1.000000,0.000000,1.000000,0.000000,1.000000,0.000000,1.000000,0.000000,1.000000,0.000000
0.785000,0.215000,0.633138,0.366862,0.613658,0.386342,0.023551,0.976449,0.712563,0.287437,0.999983,0.000017,0.000078,0.999922,0.999997,0.000003,0.000000,1.000000,1.000000,0.000000,0.000000,1.000000
0.395000,0.605000,0.511976,0.488024,0.613658,0.386342,0.003296,0.996704,0.712563,0.287437,0.999910,0.000090,0.000005,0.999995,0.999882,0.000118,0.000000,1.000000,1.000000,0.000000,0.000000,1.000000
0.775000,0.225000,0.555003,0.444997,0.613658,0.386342,0.014911,0.985089,0.712563,0.287437,0.999966,0.000034,0.000000,1.000000,0.999992,0.000008,0.000000,1.000000,1.000000,0.000000,0.000000,1.000000
0.900000,0.100000,0.625276,0.374724,0.613658,0.386342,0.036412,0.963588,0.820374,0.179626,0.999982,0.000018,0.000000,1.000000,0.999999,0.000001,0.000000,1.000000,1.000000,0.000000,0.000000,1.000000
0.780000,0.220000,0.481444,0.518556,0.613658,0.386342,0.000697,0.999303,0.712563,0.287437,0.998114,0.001886,0.000000,1.000000,0.999949,0.000051,0.000000,1.000000,1.000000,0.000000,0.000000,1.000000
0.725000,0.275000,0.509326,0.490674,0.613658,0.386342,0.004919,0.995081,0.712563,0.287437,0.999923,0.000077,0.000000,1.000000,0.999965,0.000035,0.000000,1.000000,1.000000,0.000000,0.000000,1.000000
0.770000,0.230000,0.497332,0.502668,0.613658,0.386342,0.002902,0.997098,0.712563,0.287437,0.999703,0.000297,0.000000,1.000000,0.999959,0.000041,0.000000,1.000000,1.000000,0.000000,0.000000,1.000000
0.905000,0.095000,1.000000,0.000000,1.000000,0.000000,1.000000,0.000000,1.000000,0.000000,1.000000,0.000000,1.000000,0.000000,1.000000,0.000000,1.000000,0.000000,1.000000,0.000000,1.000000,0.000000
0.630000,0.370000,0.509166,0.490834,0.613658,0.386342,0.000678,0.999322,0.712563,0.287437,0.995973,0.004027,0.000000,1.000000,0.999971,0.000029,0.000000,1.000000,1.000000,0.000000,0.000000,1.000000
0.790000,0.210000,0.649798,0.350202,0.613658,0.386342,0.190044,0.809956,0.712563,0.287437,0.999998,0.000002,0.990061,0.009939,0.999999,0.000001,0.000000,1.000000,1.000000,0.000000,0.000000,1.000000
0.650000,0.350000,0.487719,0.512281,0.613658,0.386342,0.001625,0.998375,0.712563,0.287437,0.995745,0.004255,0.000000,1.000000,0.999980,0.000020,0.000000,1.000000,1.000000,0.000000,0.000000,1.000000
0.750000,0.250000,0.635880,0.364120,0.613658,0.386342,0.055305,0.944695,0.712563,0.287437,0.999989,0.000011,0.757301,0.242699,0.999997,0.000003,0.000000,1.000000,1.000000,0.000000,0.000000,1.000000
0.430000,0.570000,0.572638,0.427362,0.613658,0.386342,0.009608,0.990392,0.712563,0.287437,0.999720,0.000280,0.000000,1.000000,0.999992,0.000008,0.000000,1.000000,1.000000,0.000000,0.000000,1.000000
0.130000,0.870000,0.000000,1.000000,0.000000,1.000000,1.000000,0.000000,0.000000,1.000000,0.000000,1.000000,1.000000,0.000000,1.000000,0.000000,0.000000,1.000000,0.000000,1.000000,0.000000,1.000000
0.745000,0.255000,0.421465,0.578535,0.613658,0.386342,0.000386,0.999614,0.712563,0.287437,0.996890,0.003110,0.000000,1.000000,0.999848,0.000152,0.000000,1.000000,1.000000,0.000000,0.000000,1.000000
0.790000,0.210000,0.638451,0.361549,0.613658,0.386342,0.068122,0.931878,0.712563,0.287437,0.999993,0.000007,0.558638,0.441362,0.999998,0.000002,0.000000,1.000000,1.000000,0.000000,0.000000,1.000000
0.655000,0.345000,0.553959,0.446041,0.613658,0.386342,0.005276,0.994724,0.712563,0.287437,0.999701,0.000299,0.000000,1.000000,0.999981,0.000019,0.000000,1.000000,1.000000,0.000000,0.000000,1.000000
0.375000,0.625000,0.000000,1.000000,0.000000,1.000000,1.000000,0.000000,0.000000,1.000000,0.000000,1.000000,1.000000,0.000000,0.000000,1.000000,0.000000,1.000000,0.000000,1.000000,0.000000,1.000000
0.600000,0.400000,0.454625,0.545375,0.613658,0.386342,0.000612,0.999388,0.712563,0.287437,0.999355,0.000645,0.000000,1.000000,0.999854,0.000146,0.000000,1.000000,1.000000,0.000000,0.000000,1.000000
0.625000,0.375000,0.584756,0.415244,0.613658,0.386342,0.010022,0.989978,0.712563,0.287437,0.999934,0.000066,0.000000,1.000000,0.999977,0.000023,0.000000,1.000000,1.000000,0.000000,0.000000,1.000000
0.505000,0.495000,0.577208,0.422792,0.613658,0.386342,0.016985,0.983015,0.712563,0.287437,0.999883,0.000117,0.000000,1.000000,0.999998,0.000002,0.000000,1.000000,1.000000,0.000000,0.000000,1.000000
0.535000,0.465000,0.464597,0.535403,0.613658,0.386342,0.001191,0.998809,0.712563,0.287437,0.997736,0.002264,0.000000,1.000000,0.999941,0.000059,0.000000,1.000000,1.000000,0.000000,0.000000,1.000000
0.800000,0.200000,0.514049,0.485951,0.613658,0.386342,0.002799,0.997201,0.712563,0.287437,0.999399,0.000601,0.000000,1.000000,0.999957,0.000043,0.000000,1.000000,1.000000,0.000000,0.000000,1.000000
0.335000,0.665000,0.598490,0.401510,0.613658,0.386342,0.015408,0.984592,0.712563,0.287437,0.999906,0.000094,0.000000,1.000000,0.999994,0.000006,0.000000,1.000000,1.000000,0.000000,0.000000,1.000000
0.845000,0.155000,1.000000,0.000000,1.000000,0.000000,1.000000,0.000000,1.000000,0.000000,1.000000,0.000000,1.000000,0.000000,1.000000,0.000000,1.000000,0.000000,1.000000,0.000000,1.000000,0.000000
0.825000,0.175000,1.000000,0.000000,1.000000,0.000000,1.000000,0.000000,1.000000,0.000000,1.000000,0.000000,1.000000,0.000000,1.000000,0.000000,1.000000,0.000000,1.000000,0.000000,0.000000,1.000000
0.895000,0.105000,0.592849,0.407151,0.613658,0.386342,0.058425,0.941575,0.995448,0.004552,0.999981,0.000019,0.002697,0.997303,0.999999,0.000001,0.000000,1.000000,1.000000,0.000000,0.000000,1.000000
0.620000,0.380000,0.512053,0.487947,0.613658,0.386342,0.002887,0.997113,0.885175,0.114825,0.999809,0.000191,0.000000,1.000000,0.999978,0.000022,0.000000,1.000000,1.000000,0.000000,0.000000,1.000000
0.315000,0.685000,0.555475,0.444525,0.613658,0.386342,0.023509,0.976491,0.712563,0.287437,0.999973,0.000027,0.000000,1.000000,0.999988,0.000012,0.000000,1.000000,1.000000,0.000000,0.000000,1.000000
0.855000,0.145000,0.000000,1.000000,1.000000,0.000000,1.000000,0.000000,0.000000,1.000000,0.000000,1.000000,1.000000,0.000000,1.000000,0.000000,0.000000,1.000000,0.000000,1.000000,1.000000,0.000000
0.390000,0.610000,0.517890,0.482110,0.613658,0.386342,0.009560,0.990440,0.914001,0.085999,0.999798,0.000202,0.000001,0.999999,0.999996,0.000004,0.000000,1.000000,1.000000,0.000000,0.000000,1.000000
0.440000,0.560000,0.517692,0.482308,0.613658,0.386342,0.004240,0.995760,0.712563,0.287437,0.999542,0.000458,0.000000,1.000000,0.999939,0.000061,0.000000,1.000000,1.000000,0.000000,0.000000,1.000000
0.590000,0.410000,0.538360,0.461640,0.613658,0.386342,0.008397,0.991603,0.712563,0.287437,0.999955,0.000045,0.000000,1.000000,0.999902,0.000098,0.000000,1.000000,1.000000,0.000000,0.000000,1.000000
0.470000,0.530000,0.511778,0.488222,0.613658,0.386342,0.006498,0.993502,0.712563,0.287437,0.999852,0.000148,0.000000,1.000000,0.999986,0.000014,0.000000,1.000000,1.000000,0.000000,0.000000,1.000000
0.360000,0.640000,0.581769,0.418231,0.613658,0.386342,0.010305,0.989695,0.712563,0.287437,0.999893,0.000107,0.000000,1.000000,0.999995,0.000005,0.000000,1.000000,1.000000,0.000000,0.000000,1.000000
0.620000,0.380000,0.489356,0.510644,0.613658,0.386342,0.000615,0.999385,0.712563,0.287437,0.993565,0.006435,0.000000,1.000000,0.999978,0.000022,0.000000,1.000000,1.000000,0.000000,0.000000,1.000000
0.220000,0.780000,0.000000,1.000000,0.000000,1.000000,1.000000,0.000000,0.000000,1.000000,0.000000,1.000000,1.000000,0.000000,0.000000,1.000000,0.000000,1.000000,0.000000,1.000000,0.000000,1.000000
0.320000,0.680000,0.571605,0.428395,0.613658,0.386342,0.005908,0.994092,0.712563,0.287437,0.999639,0.000361,0.000000,1.000000,0.999994,0.000006,0.000000,1.000000,1.000000,0.000000,0.000000,1.000000
0.230000,0.770000,0.000000,1.000000,0.000000,1.000000,0.000000,1.000000,0.000000,1.000000,0.000000,1.000000,0.000000,1.000000,0.000000,1.000000,0.000000,1.000000,0.000000,1.000000,0.000000,1.000000
0.200000,0.800000,1.000000,0.000000,1.000000,0.000000,1.000000,0.000000,0.000000,1.000000,0.000000,1.000000,0.000000,1.000000,0.000000,1.000000,0.000000,1.000000,0.000000,1.000000,0.000000,1.000000
0.550000,0.450000,0.515186,0.484814,0.613658,0.386342,0.000855,0.999145,0.712563,0.287437,0.998128,0.001872,0.000000,1.000000,0.999903,0.000097,0.000000,1.000000,1.000000,0.000000,0.000000,1.000000
0.655000,0.345000,0.416051,0.583949,0.613658,0.386342,0.000422,0.999578,0.712563,0.287437,0.995236,0.004764,0.000000,1.000000,0.999888,0.000112,0.000000,1.000000,1.000000,0.000000,0.000000,1.000000
0.805000,0.195000,0.525929,0.474071,0.613658,0.386342,0.029992,0.970008,0.712563,0.287437,0.999891,0.000109,0.000001,0.999999,0.999997,0.000003,0.000000,1.000000,1.000000,0.000000,0.000000,1.000000
0.665000,0.335000,0.423832,0.576168,0.613658,0.386342,0.000276,0.999724,0.712563,0.287437,0.988955,0.011045,0.000000,1.000000,0.999439,0.000561,0.000000,1.000000,1.000000,0.000000,0.000000,1.000000
0.095000,0.905000,1.000000,0.000000,1.000000,0.000000,1.000000,0.000000,1.000000,0.000000,1.000000,0.000000,1.000000,0.000000,1.000000,0.000000,1.000000,0.000000,1.000000,0.000000,1.000000,0.000000
0.800000,0.200000,0.562541,0.437459,0.613658,0.386342,0.056767,0.943233,0.712563,0.287437,0.999981,0.000019,0.000001,0.999999,0.999999,0.000001,0.000000,1.000000,1.000000,0.000000,0.000000,1.000000
0.850000,0.150000,1.000000,0.000000,1.000000,0.000000,1.000000,0.000000,1.000000,0.000000,1.000000,0.000000,1.000000,0.000000,1.000000,0.000000,1.000000,0.000000,1.000000,0.000000,1.000000,0.000000
0.110000,0.890000,0.000000,1.000000,0.000000,1.000000,0.000000,1.000000,0.000000,1.000000,0.000000,1.000000,1.000000,0.000000,0.000000,1.000000,0.000000,1.000000,0.000000,1.000000,0.000000,1.000000
0.130000,0.870000,0.000000,1.000000,0.000000,1.000000,0.000000,1.000000,0.000000,1.000000,0.000000,1.000000,1.000000,0.000000,1.000000,0.000000,0.000000,1.000000,0.000000,1.000000,0.000000,1.000000
0.470000,0.530000,0.512970,0.487030,0.613658,0.386342,0.014763,0.985237,0.712563,0.287437,0.999875,0.000125,0.000000,1.000000,0.999997,0.000003,0.000000,1.000000,1.000000,0.000000,0.000000,1.000000
0.200000,0.800000,1.000000,0.000000,1.000000,0.000000,0.000052,0.999948,0.000000,1.000000,0.000000,1.000000,1.000000,0.000000,0.000000,1.000000,0.000000,1.000000,0.000000,1.000000,0.000000,1.000000
0.785000,0.215000,1.000000,0.000000,0.885478,0.114522,0.000000,1.000000,0.000000,1.000000,0.000000,1.000000,0.000000,1.000000,0.000000,1.000000,0.000000,1.000000,0.000000,1.000000,0.000000,1.000000
0.570000,0.430000,0.508385,0.491615,0.613658,0.386342,0.004577,0.995423,0.712563,0.287437,0.999769,0.000231,0.000000,1.000000,0.999984,0.000016,0.000000,1.000000,1.000000,0.000000,0.000000,1.000000
0.325000,0.675000,0.573761,0.426239,0.613658,0.386342,0.031211,0.968789,0.957943,0.042057,0.999993,0.000007,0.000001,0.999999,0.999991,0.000009,0.000000,1.000000,1.000000,0.000000,0.000000,1.000000
0.460000,0.540000,0.535747,0.464253,0.613658,0.386342,0.002762,0.997238,0.975196,0.024804,0.999770,0.000230,0.000000,1.000000,0.999994,0.000006,0.000000,1.000000,1.000000,0.000000,0.000000,1.000000
0.335000,0.665000,0.578356,0.421644,0.613658,0.386342,0.006870,0.993130,0.712563,0.287437,0.999818,0.000182,0.000000,1.000000,0.999993,0.000007,0.000000,1.000000,1.000000,0.000000,0.000000,1.000000
0.815000,0.185000,0.666102,0.333898,0.613658,0.386342,0.218533,0.781467,0.785653,0.214347,0.999997,0.000003,0.000133,0.999867,1.000000,0.000000,0.000000,1.000000,1.000000,0.000000,0.000000,1.000000
0.105000,0.895000,0.000000,1.000000,0.000000,1.000000,0.000000,1.000000,0.000000,1.000000,0.000000,1.000000,0.000000,1.000000,0.000000,1.000000,0.000000,1.000000,0.000000,1.000000,0.000000,1.000000
0.645000,0.355000,0.502990,0.497010,0.613658,0.386342,0.001641,0.998359,0.712563,0.287437,0.999154,0.000846,0.000000,1.000000,0.999944,0.000056,0.000000,1.000000,1.000000,0.000000,0.000000,1.000000
0.625000,0.375000,0.525907,0.474093,0.613658,0.386342,0.008462,0.991538,0.712563,0.287437,0.999869,0.000131,0.000000,1.000000,0.999972,0.000028,0.000000,1.000000,1.000000,0.000000,0.000000,1.000000
0.655000,0.345000,0.521266,0.478734,0.613658,0.386342,0.002399,0.997601,0.712563,0.287437,0.999452,0.000548,0.000000,1.000000,0.999948,0.000052,0.000000,1.000000,1.000000,0.000000,0.000000,1.000000
0.550000,0.450000,0.548417,0.451583,0.613658,0.386342,0.003557,0.996443,0.712563,0.287437,0.999114,0.000886,0.000000,1.000000,0.999981,0.000019,0.000000,1.000000,1.000000,0.000000,0.000000,1.000000
0.635000,0.365000,0.488274,0.511726,0.613658,0.386342,0.003536,0.996464,0.712563,0.287437,0.999855,0.000145,0.000000,1.000000,0.999932,0.000068,0.000000,1.000000,1.000000,0.000000,0.000000,1.000000
0.325000,0.675000,0.515186,0.484814,0.613658,0.386342,0.022970,0.977030,0.712563,0.287437,0.999861,0.000139,0.000000,1.000000,0.999995,0.000005,0.000000,1.000000,1.000000,0.000000,0.000000,1.000000
0.825000,0.175000,0.999382,0.000618,1.000000,0.000000,1.000000,0.000000,1.000000,0.000000,1.000000,0.000000,1.000000,0.000000,1.000000,0.000000,1.000000,0.000000,1.000000,0.000000,0.000000,1.000000
0.655000,0.345000,0.591611,0.408389,0.697068,0.302932,0.764929,0.235071,1.000000,0.000000,0.170916,0.829084,0.000000,1.000000,0.010151,0.989849,0.000000,1.000000,0.974937,0.025063,1.000000,0.000000
0.095000,0.905000,0.000000,1.000000,0.000000,1.000000,0.000000,1.000000,0.000000,1.000000,0.000000,1.000000,0.000000,1.000000,0.000000,1.000000,0.000000,1.000000,0.000000,1.000000,0.000000,1.000000
0.480000,0.520000,0.598782,0.401218,0.697068,0.302932,0.701863,0.298137,1.000000,0.000000,0.019126,0.980874,0.000000,1.000000,0.624955,0.375045,0.000000,1.000000,0.963670,0.036330,1.000000,0.000000
0.615000,0.385000,0.596510,0.403490,0.697068,0.302932,0.652887,0.347113,1.000000,0.000000,0.035838,0.964162,0.000000,1.000000,0.166718,0.833282,0.000000,1.000000,0.965589,0.034411,0.999999,0.000001
0.370000,0.630000,0.756351,0.243649,0.697068,0.302932,0.530652,0.469348,1.000000,0.000000,0.644898,0.355102,0.000000,1.000000,0.999274,0.000726,0.000000,1.000000,0.981711,0.018289,1.000000,0.000000
0.500000,0.500000,0.597647,0.402353,0.697068,0.302932,0.744717,0.255283,1.000000,0.000000,0.002166,0.997834,0.000000,1.000000,0.017183,0.982817,0.000000,1.000000,0.978010,0.021990,0.999999,0.000001
0.600000,0.400000,0.601991,0.398009,0.697068,0.302932,0.611308,0.388692,1.000000,0.000000,0.000222,0.999778,0.000000,1.000000,0.315945,0.684055,0.000000,1.000000,0.881858,0.118142,0.999955,0.000045
0.735000,0.265000,1.000000,0.000000,1.000000,0.000000,1.000000,0.000000,1.000000,0.000000,1.000000,0.000000,1.000000,0.000000,1.000000,0.000000,1.000000,0.000000,1.000000,0.000000,1.000000,0.000000
0.605000,0.395000,0.596459,0.403541,0.697068,0.302932,0.679134,0.320866,1.000000,0.000000,0.000200,0.999800,0.000000,1.000000,0.131103,0.868897,0.000000,1.000000,0.905501,0.094499,0.999988,0.000012
0.800000,0.200000,0.601692,0.398308,0.697068,0.302932,0.670388,0.329612,1.000000,0.000000,0.006139,0.993861,0.000000,1.000000,0.459435,0.540565,0.000000,1.000000,0.967325,0.032675,1.000000,0.000000
0.475000,0.525000,0.657807,0.342193,0.697068,0.302932,0.564136,0.435864,1.000000,0.000000,0.005337,0.994663,0.000000,1.000000,0.880641,0.119359,0.000000,1.000000,0.961551,0.038449,1.000000,0.000000
0.765000,0.235000,0.699136,0.300864,0.697068,0.302932,0.658210,0.341790,1.000000,0.000000,0.007792,0.992208,0.000000,1.000000,0.003099,0.996901,0.000000,1.000000,0.977634,0.022366,1.000000,0.000000
0.565000,0.435000,0.658383,0.341617,0.697068,0.302932,0.680150,0.319850,1.000000,0.000000,0.000124,0.999876,0.000000,1.000000,0.241496,0.758504,0.000000,1.000000,0.640276,0.359724,1.000000,0.000000
0.830000,0.170000,0.600296,0.399704,0.697068,0.302932,0.703148,0.296852,1.000000,0.000000,0.046092,0.953908,0.000000,1.000000,0.999873,0.000127,0.000000,1.000000,0.973181,0.026819,1.000000,0.000000
0.600000,0.400000,0.660251,0.339749,0.697068,0.302932,0.500623,0.499377,1.000000,0.000000,0.002962,0.997038,0.000000,1.000000,0.785781,0.214219,0.000000,1.000000,0.929452,0.070548,1.000000,0.000000
0.775000,0.225000,0.699930,0.300070,0.697068,0.302932,0.643541,0.356459,1.000000,0.000000,0.030710,0.969290,0.000000,1.000000,0.999945,0.000055,0.000000,1.000000,0.971367,0.028633,1.000000,0.000000
0.550000,0.450000,0.718118,0.281882,0.697068,0.302932,0.540318,0.459682,1.000000,0.000000,0.005369,0.994631,0.000000,1.000000,0.413651,0.586349,0.000000,1.000000,0.985976,0.014024,1.000000,0.000000
0.080000,0.920000,0.000000,1.000000,0.000000,1.000000,0.000000,1.000000,0.000000,1.000000,0.000000,1.000000,0.000000,1.000000,0.000000,1.000000,0.000000,1.000000,1.000000,0.000000,0.000000,1.000000
0.880000,0.120000,1.000000,0.000000,1.000000,0.000000,1.000000,0.000000,1.000000,0.000000,1.000000,0.000000,1.000000,0.000000,1.000000,0.000000,1.000000,0.000000,1.000000,0.000000,1.000000,0.000000
0.480000,0.520000,0.760567,0.239433,0.697068,0.302932,0.471740,0.528260,1.000000,0.000000,0.006757,0.993243,0.000000,1.000000,0.536940,0.463060,0.000000,1.000000,0.989197,0.010803,1.000000,0.000000
0.745000,0.255000,0.735145,0.264855,0.697068,0.302932,0.561682,0.438318,1.000000,0.000000,0.013036,0.986964,0.000000,1.000000,0.219837,0.780163,0.000000,1.000000,0.986356,0.013644,1.000000,0.000000
0.485000,0.515000,0.596116,0.403884,0.697068,0.302932,0.670040,0.329960,1.000000,0.000000,0.022604,0.977396,0.000000,1.000000,0.350924,0.649076,0.000000,1.000000,0.969532,0.030468,1.000000,0.000000
0.110000,0.890000,0.000000,1.000000,0.000000,1.000000,0.000000,1.000000,0.000000,1.000000,0.000000,1.000000,0.000000,1.000000,0.000000,1.000000,0.000000,1.000000,0.000000,1.000000,0.000000,1.000000
0.425000,0.575000,0.596639,0.403361,0.697068,0.302932,0.740941,0.259059,1.000000,0.000000,0.003505,0.996495,0.000000,1.000000,0.168954,0.831046,0.000000,1.000000,0.971203,0.028797,1.000000,0.000000
0.325000,0.675000,0.000000,1.000000,0.697068,0.302932,0.000000,1.000000,0.000000,1.000000,0.000000,1.000000,0.000000,1.000000,0.000000,1.000000,0.000000,1.000000,0.000000,1.000000,0.000000,1.000000
0.785000,0.215000,0.643222,0.356778,0.697068,0.302932,0.659265,0.340735,1.000000,0.000000,0.084396,0.915604,0.000000,1.000000,0.752425,0.247575,0.000000,1.000000,0.985904,0.014096,1.000000,0.000000
0.610000,0.390000,0.725147,0.274853,0.697068,0.302932,0.748443,0.251557,1.000000,0.000000,0.000222,0.999778,0.000000,1.000000,0.950235,0.049765,0.000000,1.000000,0.957600,0.042400,1.000000,0.000000
0.855000,0.145000,0.720872,0.279128,0.697068,0.302932,0.581206,0.418794,1.000000,0.000000,0.018962,0.981038,0.000000,1.000000,0.806057,0.193943,0.000000,1.000000,0.988838,0.011162,1.000000,0.000000
0.720000,0.280000,0.809591,0.190409,0.697068,0.302932,0.452526,0.547474,1.000000,0.000000,0.055102,0.944898,0.000000,1.000000,0.991924,0.008076,0.000000,1.000000,0.992343,0.007657,1.000000,0.000000
0.920000,0.080000,1.000000,0.000000,1.000000,0.000000,1.000000,0.000000,1.000000,0.000000,1.000000,0.000000,1.000000,0.000000,1.000000,0.000000,1.000000,0.000000,1.000000,0.000000,1.000000,0.000000
0.715000,0.285000,0.649669,0.350331,0.697068,0.302932,0.507684,0.492316,1.000000,0.000000,0.024401,0.975599,0.000000,1.000000,0.225649,0.774351,0.000000,1.000000,0.983219,0.016781,1.000000,0.000000
0.300000,0.700000,0.707136,0.292864,0.697068,0.302932,0.675788,0.324212,1.000000,0.000000,0.007287,0.992713,0.000000,1.000000,0.924199,0.075801,0.000000,1.000000,0.978448,0.021552,1.000000,0.000000
0.130000,0.870000,0.000000,1.000000,0.000000,1.000000,0.000000,1.000000,0.000000,1.000000,0.000000,1.000000,0.000000,1.000000,0.000000,1.000000,0.000000,1.000000,0.000000,1.000000,0.000000,1.000000
0.725000,0.275000,0.720389,0.279611,0.697068,0.302932,0.623091,0.376909,1.000000,0.000000,0.061864,0.938136,0.000000,1.000000,0.346206,0.653794,0.000000,1.000000,0.987745,0.012255,1.000000,0.000000
0.590000,0.410000,0.674692,0.325308,0.697068,0.302932,0.552493,0.447507,1.000000,0.000000,0.000621,0.999379,0.000000,1.000000,0.123181,0.876819,0.000000,1.000000,0.989268,0.010732,1.000000,0.000000
0.220000,0.780000,0.750081,0.249919,0.697068,0.302932,0.593050,0.406950,1.000000,0.000000,0.027789,0.972211,0.000000,1.000000,0.968895,0.031105,0.000000,1.000000,0.990688,0.009312,1.000000,0.000000
0.635000,0.365000,0.660585,0.339415,0.697068,0.302932,0.638737,0.361263,1.000000,0.000000,0.059966,0.940034,0.000000,1.000000,0.750256,0.249744,0.000000,1.000000,0.949268,0.050732,1.000000,0.000000
0.610000,0.390000,0.744814,0.255186,0.697068,0.302932,0.584220,0.415780,1.000000,0.000000,0.000331,0.999669,0.000000,1.000000,0.032194,0.967806,0.000000,1.000000,0.873401,0.126599,1.000000,0.000000
0.415000,0.585000,0.712453,0.287547,0.697068,0.302932,0.654712,0.345288,1.000000,0.000000,0.000129,0.999871,0.000000,1.000000,0.054087,0.945913,0.000000,1.000000,0.974343,0.025657,1.000000,0.000000
0.105000,0.895000,0.000000,1.000000,0.000000,1.000000,0.000000,1.000000,0.000000,1.000000,0.000000,1.000000,0.000000,1.000000,0.000000,1.000000,0.000000,1.000000,0.000000,1.000000,0.000000,1.000000
0.255000,0.745000,0.631956,0.368044,0.697068,0.302932,0.698491,0.301509,1.000000,0.000000,0.016449,0.983551,0.000000,1.000000,0.984450,0.015550,0.000000,1.000000,0.981869,0.018131,1.000000,0.000000
0.610000,0.390000,0.661838,0.338162,0.697068,0.302932,0.727509,0.272491,1.000000,0.000000,0.063774,0.936226,0.000000,1.000000,0.121647,0.878353,0.000000,1.000000,0.973949,0.026051,1.000000,0.000000
0.840000,0.160000,0.731948,0.268052,0.697068,0.302932,0.652025,0.347975,1.000000,0.000000,0.092794,0.907206,0.000000,1.000000,0.613874,0.386126,0.000000,1.000000,0.980946,0.019054,1.000000,0.000000
0.390000,0.610000,0.653284,0.346716,0.697068,0.302932,0.752084,0.247916,1.000000,0.000000,0.000479,0.999521,0.000000,1.000000,0.038136,0.961864,0.000000,1.000000,0.979729,0.020271,1.000000,0.000000
0.480000,0.520000,0.600296,0.399704,0.697068,0.302932,0.648968,0.351032,1.000000,0.000000,0.058529,0.941471,0.000000,1.000000,0.435867,0.564133,0.000000,1.000000,0.973802,0.026198,1.000000,0.000000
0.515000,0.485000,0.641740,0.358260,0.697068,0.302932,0.653669,0.346331,1.000000,0.000000,0.002975,0.997025,0.000000,1.000000,0.289453,0.710547,0.000000,1.000000,0.980571,0.019429,1.000000,0.000000
0.570000,0.430000,0.598631,0.401369,0.697068,0.302932,0.767348,0.232652,1.000000,0.000000,0.003201,0.996799,0.000000,1.000000,0.011371,0.988629,0.000000,1.000000,0.946972,0.053028,1.000000,0.000000
0.520000,0.480000,0.703664,0.296336,0.697068,0.302932,0.461767,0.538233,1.000000,0.000000,0.003863,0.996137,0.000000,1.000000,0.913288,0.086712,0.000000,1.000000,0.966236,0.033764,1.000000,0.000000
0.595000,0.405000,0.595059,0.404941,0.697068,0.302932,0.777409,0.222591,1.000000,0.000000,0.004168,0.995832,0.000000,1.000000,0.052190,0.947810,0.000000,1.000000,0.934518,0.065482,0.999972,0.000028
0.355000,0.645000,0.600296,0.399704,0.697068,0.302932,0.723634,0.276366,1.000000,0.000000,0.004083,0.995917,0.000000,1.000000,0.714797,0.285203,0.000000,1.000000,0.951427,0.048573,1.000000,0.000000
0.965000,0.035000,0.779873,0.220127,0.697068,0.302932,0.580779,0.419221,1.000000,0.000000,0.285244,0.714756,0.000000,1.000000,0.999693,0.000307,0.000000,1.000000,0.988149,0.011851,1.000000,0.000000
0.875000,0.125000,1.000000,0.000000,1.000000,0.000000,1.000000,0.000000,1.000000,0.000000,1.000000,0.000000,1.000000,0.000000,1.000000,0.000000,1.000000,0.000000,1.000000,0.000000,1.000000,0.000000
0.245000,0.755000,1.000000,0.000000,1.000000,0.000000,0.000000,1.000000,0.000000,1.000000,0.000000,1.000000,1.000000,0.000000,0.000000,1.000000,1.000000,0.000000,1.000000,0.000000,1.000000,0.000000
0.840000,0.160000,0.781370,0.218630,0.697068,0.302932,0.602204,0.397796,1.000000,0.000000,0.806408,0.193592,0.000879,0.999121,0.999963,0.000037,0.000000,1.000000,0.989185,0.010815,1.000000,0.000000
0.310000,0.690000,0.638341,0.361659,0.697068,0.302932,0.600059,0.399941,1.000000,0.000000,0.001937,0.998063,0.000000,1.000000,0.766871,0.233129,0.000000,1.000000,0.892868,0.107132,1.000000,0.000000
0.945000,0.055000,1.000000,0.000000,1.000000,0.000000,1.000000,0.000000,1.000000,0.000000,1.000000,0.000000,1.000000,0.000000,1.000000,0.000000,1.000000,0.000000,1.000000,0.000000,1.000000,0.000000
0.565000,0.435000,0.677155,0.322845,0.697068,0.302932,0.629556,0.370444,1.000000,0.000000,0.018327,0.981673,0.000000,1.000000,0.752044,0.247956,0.000000,1.000000,0.984381,0.015619,1.000000,0.000000
0.705000,0.295000,0.634995,0.365005,0.697068,0.302932,0.630248,0.369752,1.000000,0.000000,0.005311,0.994689,0.000000,1.000000,0.781110,0.218890,0.000000,1.000000,0.985304,0.014696,1.000000,0.000000
0.160000,0.840000,1.000000,0.000000,0.000000,1.000000,1.000000,0.000000,0.000000,1.000000,0.000000,1.000000,1.000000,0.000000,1.000000,0.000000,0.000000,1.000000,1.000000,0.000000,0.000000,1.000000
0.805000,0.195000,0.694352,0.305648,0.697068,0.302932,0.617100,0.382900,1.000000,0.000000,0.025718,0.974282,0.000000,1.000000,0.026332,0.973668,0.000000,1.000000,0.974711,0.025289,1.000000,0.000000
0.570000,0.430000,0.773964,0.226036,0.697068,0.302932,0.547980,0.452020,1.000000,0.000000,0.001704,0.998296,0.000000,1.000000,0.114109,0.885891,0.000000,1.000000,0.891414,0.108586,1.000000,0.000000
0.855000,0.145000,1.000000,0.000000,0.000000,1.000000,0.000000,1.000000,1.000000,0.000000,1.000000,0.000000,1.000000,0.000000,1.000000,0.000000,1.000000,0.000000,1.000000,0.000000,1.000000,0.000000
0.870000,0.130000,1.000000,0.000000,1.000000,0.000000,1.000000,0.000000,1.000000,0.000000,1.000000,0.000000,1.000000,0.000000,1.000000,0.000000,1.000000,0.000000,1.000000,0.000000,1.000000,0.000000
0.695000,0.305000,0.770515,0.229485,0.697068,0.302932,0.667890,0.332110,1.000000,0.000000,0.435450,0.564550,0.000000,1.000000,0.988806,0.011194,0.000000,1.000000,0.973875,0.026125,1.000000,0.000000
0.655000,0.345000,0.746143,0.253857,0.697068,0.302932,0.568599,0.431401,1.000000,0.000000,0.014898,0.985102,0.000000,1.000000,0.999903,0.000097,0.000000,1.000000,0.958268,0.041732,1.000000,0.000000
0.505000,0.495000,0.755307,0.244693,0.697068,0.302932,0.571554,0.428446,1.000000,0.000000,0.013216,0.986784,0.000000,1.000000,0.492015,0.507985,0.000000,1.000000,0.941353,0.058647,1.000000,0.000000
0.660000,0.340000,0.917512,0.082488,0.697068,0.302932,0.520566,0.479434,1.000000,0.000000,0.018167,0.981833,0.000000,1.000000,0.999974,0.000026,0.000000,1.000000,0.996031,0.003969,1.000000,0.000000
0.745000,0.255000,0.812528,0.187472,0.697068,0.302932,0.577915,0.422085,1.000000,0.000000,0.076300,0.923700,0.000000,1.000000,0.999840,0.000160,0.000000,1.000000,0.981772,0.018228,1.000000,0.000000
0.635000,0.365000,0.661787,0.338213,0.697068,0.302932,0.485991,0.514009,1.000000,0.000000,0.007672,0.992328,0.000000,1.000000,0.248539,0.751461,0.000000,1.000000,0.987979,0.012021,1.000000,0.000000
0.530000,0.470000,0.667554,0.332446,0.697068,0.302932,0.604456,0.395544,1.000000,0.000000,0.002405,0.997595,0.000000,1.000000,0.591545,0.408455,0.000000,1.000000,0.976509,0.023491,1.000000,0.000000
0.645000,0.355000,0.687919,0.312081,0.697068,0.302932,0.679630,0.320370,1.000000,0.000000,0.006130,0.993870,0.000000,1.000000,0.651236,0.348764,0.000000,1.000000,0.975759,0.024241,1.000000,0.000000
0.525000,0.475000,0.593960,0.406040,0.697068,0.302932,0.722510,0.277490,1.000000,0.000000,0.007025,0.992975,0.000000,1.000000,0.896589,0.103411,0.000000,1.000000,0.973567,0.026433,1.000000,0.000000
0.715000,0.285000,0.693021,0.306979,0.697068,0.302932,0.392343,0.607657,1.000000,0.000000,0.016960,0.983040,0.000000,1.000000,0.728083,0.271917,0.000000,1.000000,0.953050,0.046950,1.000000,0.000000
0.835000,0.165000,1.000000,0.000000,1.000000,0.000000,1.000000,0.000000,1.000000,0.000000,1.000000,0.000000,1.000000,0.000000,1.000000,0.000000,1.000000,0.000000,1.000000,0.000000,1.000000,0.000000
0.085000,0.915000,0.000000,1.000000,0.000000,1.000000,0.000000,1.000000,0.000000,1.000000,0.000000,1.000000,0.000000,1.000000,0.000000,1.000000,0.000000,1.000000,0.000000,1.000000,0.000000,1.000000
0.455000,0.545000,0.606232,0.393768,0.697068,0.302932,0.713385,0.286615,1.000000,0.000000,0.006479,0.993521,0.000000,1.000000,0.020352,0.979648,0.000000,1.000000,0.936087,0.063913,1.000000,0.000000
0.630000,0.370000,0.647084,0.352916,0.697068,0.302932,0.748905,0.251095,1.000000,0.000000,0.001092,0.998908,0.000000,1.000000,0.262923,0.737077,0.000000,1.000000,0.969364,0.030636,1.000000,0.000000
0.740000,0.260000,0.702964,0.297036,0.697068,0.302932,0.715103,0.284897,1.000000,0.000000,0.077850,0.922150,0.000000,1.000000,0.999419,0.000581,0.000000,1.000000,0.979958,0.020042,1.000000,0.000000
0.865000,0.135000,0.805052,0.194948,0.693327,0.306673,0.637392,0.362608,0.879774,0.120226,0.623818,0.376182,0.997883,0.002117,0.802706,0.197294,0.975185,0.024815,0.782815,0.217185,0.659940,0.340060
0.860000,0.140000,0.023266,0.976734,0.693327,0.306673,0.637392,0.362608,0.879774,0.120226,0.623818,0.376182,0.733461,0.266539,0.089792,0.910208,0.000000,1.000000,0.782815,0.217185,0.659940,0.340060
0.615000,0.385000,0.246912,0.753088,0.693327,0.306673,0.637392,0.362608,0.879774,0.120226,0.623818,0.376182,0.990704,0.009296,0.802706,0.197294,0.975185,0.024815,0.782815,0.217185,0.659940,0.340060
0.910000,0.090000,0.097600,0.902400,0.693327,0.306673,0.637392,0.362608,0.879774,0.120226,0.623818,0.376182,0.733461,0.266539,0.007855,0.992145,0.161236,0.838764,0.782815,0.217185,0.659940,0.340060
0.665000,0.335000,0.950139,0.049861,0.693327,0.306673,0.637392,0.362608,0.879774,0.120226,0.623818,0.376182,0.999305,0.000695,0.802706,0.197294,0.975185,0.024815,0.782815,0.217185,0.659940,0.340060
0.760000,0.240000,0.000000,1.000000,1.000000,0.000000,0.000000,1.000000,0.000000,1.000000,0.000000,1.000000,0.000000,1.000000,0.000000,1.000000,1.000000,0.000000,0.000000,1.000000,1.000000,0.000000
0.900000,0.100000,0.385376,0.614624,0.693327,0.306673,0.637392,0.362608,0.879774,0.120226,0.623818,0.376182,0.999799,0.000201,0.802706,0.197294,0.975185,0.024815,0.782815,0.217185,0.659940,0.340060
0.230000,0.770000,0.276383,0.723617,0.693327,0.306673,0.637392,0.362608,0.879774,0.120226,0.623818,0.376182,0.958835,0.041165,0.802706,0.197294,0.975185,0.024815,0.782815,0.217185,0.659940,0.340060
0.375000,0.625000,0.411779,0.588221,0.693327,0.306673,0.637392,0.362608,0.879774,0.120226,0.623818,0.376182,0.975955,0.024045,0.802706,0.197294,0.975185,0.024815,0.782815,0.217185,0.659940,0.340060
0.825000,0.175000,0.036433,0.963567,0.693327,0.306673,0.637392,0.362608,0.879774,0.120226,0.623818,0.376182,0.733461,0.266539,0.802706,0.197294,0.006134,0.993866,0.782815,0.217185,0.462381,0.537619
0.860000,0.140000,1.000000,0.000000,1.000000,0.000000,1.000000,0.000000,1.000000,0.000000,1.000000,0.000000,1.000000,0.000000,1.000000,0.000000,1.000000,0.000000,1.000000,0.000000,1.000000,0.000000
0.575000,0.425000,0.085816,0.914184,0.693327,0.306673,0.637392,0.362608,0.879774,0.120226,0.623818,0.376182,0.733461,0.266539,0.000003,0.999997,0.105628,0.894372,0.782815,0.217185,0.659940,0.340060
0.790000,0.210000,0.909949,0.090051,0.693327,0.306673,0.637392,0.362608,0.879774,0.120226,0.623818,0.376182,0.999754,0.000246,0.802706,0.197294,0.975185,0.024815,0.782815,0.217185,0.659940,0.340060
0.800000,0.200000,1.000000,0.000000,1.000000,0.000000,1.000000,0.000000,1.000000,0.000000,1.000000,0.000000,1.000000,0.000000,1.000000,0.000000,1.000000,0.000000,1.000000,0.000000,1.000000,0.000000
0.840000,0.160000,1.000000,0.000000,1.000000,0.000000,1.000000,0.000000,1.000000,0.000000,1.000000,0.000000,1.000000,0.000000,1.000000,0.000000,1.000000,0.000000,1.000000,0.000000,1.000000,0.000000
0.650000,0.350000,0.181894,0.818106,0.693327,0.306673,0.637392,0.362608,0.879774,0.120226,0.623818,0.376182,0.733461,0.266539,0.000000,1.000000,0.000017,0.999983,0.782815,0.217185,0.659940,0.340060
0.410000,0.590000,0.207818,0.792182,0.693327,0.306673,0.637392,0.362608,0.879774,0.120226,0.623818,0.376182,0.733461,0.266539,0.802706,0.197294,0.975185,0.024815,0.782815,0.217185,0.659940,0.340060
0.485000,0.515000,0.795866,0.204134,0.693327,0.306673,0.637392,0.362608,0.879774,0.120226,0.623818,0.376182,0.733461,0.266539,0.802706,0.197294,0.975185,0.024815,0.782815,0.217185,0.659940,0.340060
0.820000,0.180000,0.037651,0.962349,0.693327,0.306673,0.637392,0.362608,0.879774,0.120226,0.623818,0.376182,0.733461,0.266539,0.000525,0.999475,0.000085,0.999915,0.782815,0.217185,0.659940,0.340060
0.715000,0.285000,0.252087,0.747913,0.693327,0.306673,0.637392,0.362608,0.879774,0.120226,0.623818,0.376182,0.733461,0.266539,0.000000,1.000000,0.000000,1.000000,0.782815,0.217185,0.000000,1.000000
0.335000,0.665000,0.256922,0.743078,0.693327,0.306673,0.637392,0.362608,0.879774,0.120226,0.623818,0.376182,0.973298,0.026702,0.802706,0.197294,0.975185,0.024815,0.782815,0.217185,0.659940,0.340060
0.800000,0.200000,0.212999,0.787001,0.693327,0.306673,0.637392,0.362608,0.879774,0.120226,0.623818,0.376182,0.972728,0.027272,0.802706,0.197294,0.975185,0.024815,0.782815,0.217185,0.659940,0.340060
0.480000,0.520000,0.036875,0.963125,0.693327,0.306673,0.637392,0.362608,0.879774,0.120226,0.623818,0.376182,0.733461,0.266539,0.802706,0.197294,0.000017,0.999983,0.782815,0.217185,0.659940,0.340060
0.525000,0.475000,0.465179,0.534821,0.693327,0.306673,0.637392,0.362608,0.879774,0.120226,0.623818,0.376182,0.733461,0.266539,0.000037,0.999963,0.000002,0.999998,0.782815,0.217185,0.659940,0.340060
0.165000,0.835000,0.501982,0.498018,0.693327,0.306673,0.637392,0.362608,0.879774,0.120226,0.623818,0.376182,0.999946,0.000054,0.802706,0.197294,0.975185,0.024815,0.782815,0.217185,0.659940,0.340060
0.620000,0.380000,0.143262,0.856738,0.693327,0.306673,0.637392,0.362608,0.879774,0.120226,0.623818,0.376182,0.733461,0.266539,0.434323,0.565677,0.116291,0.883709,0.782815,0.217185,0.659940,0.340060
0.130000,0.870000,0.000000,1.000000,0.000000,1.000000,0.000000,1.000000,0.000000,1.000000,0.000000,1.000000,0.000000,1.000000,0.000000,1.000000,0.000000,1.000000,0.000000,1.000000,0.000000,1.000000
0.860000,0.140000,1.000000,0.000000,1.000000,0.000000,1.000000,0.000000,1.000000,0.000000,1.000000,0.000000,1.000000,0.000000,1.000000,0.000000,0.000000,1.000000,1.000000,0.000000,1.000000,0.000000
0.780000,0.220000,1.000000,0.000000,1.000000,0.000000,1.000000,0.000000,1.000000,0.000000,1.000000,0.000000,1.000000,0.000000,1.000000,0.000000,1.000000,0.000000,1.000000,0.000000,1.000000,0.000000
0.865000,0.135000,1.000000,0.000000,1.000000,0.000000,1.000000,0.000000,1.000000,0.000000,1.000000,0.000000,1.000000,0.000000,1.000000,0.000000,1.000000,0.000000,1.000000,0.000000,1.000000,0.000000
0.830000,0.170000,0.172714,0.827286,0.693327,0.306673,0.637392,0.362608,0.879774,0.120226,0.623818,0.376182,0.995510,0.004490,0.802706,0.197294,0.975185,0.024815,0.782815,0.217185,0.659940,0.340060
0.490000,0.510000,0.117004,0.882996,0.693327,0.306673,0.637392,0.362608,0.879774,0.120226,0.623818,0.376182,0.733461,0.266539,0.626756,0.373244,0.001688,0.998312,0.782815,0.217185,0.672253,0.327747
0.665000,0.335000,0.045074,0.954926,0.693327,0.306673,0.637392,0.362608,0.879774,0.120226,0.623818,0.376182,0.733461,0.266539,0.802706,0.197294,0.567901,0.432099,0.782815,0.217185,0.659940,0.340060
0.805000,0.195000,0.200521,0.799479,0.693327,0.306673,0.637392,0.362608,0.879774,0.120226,0.623818,0.376182,0.733461,0.266539,0.802706,0.197294,0.823808,0.176192,0.782815,0.217185,0.659940,0.340060
0.905000,0.095000,1.000000,0.000000,1.000000,0.000000,0.000000,1.000000,1.000000,0.000000,0.000000,1.000000,1.000000,0.000000,1.000000,0.000000,1.000000,0.000000,1.000000,0.000000,0.000000,1.000000
0.490000,0.510000,0.097691,0.902309,0.693327,0.306673,0.637392,0.362608,0.879774,0.120226,0.623818,0.376182,0.733461,0.266539,0.802706,0.197294,0.975185,0.024815,0.782815,0.217185,0.000257,0.999743
0.655000,0.345000,0.029152,0.970848,0.693327,0.306673,0.637392,0.362608,0.879774,0.120226,0.623818,0.376182,0.733461,0.266539,0.284220,0.715780,0.000000,1.000000,0.782815,0.217185,0.659940,0.340060
0.835000,0.165000,0.051609,0.948391,0.693327,0.306673,0.637392,0.362608,0.879774,0.120226,0.623818,0.376182,0.733461,0.266539,0.802706,0.197294,0.975185,0.024815,0.782815,0.217185,0.659940,0.340060
0.355000,0.645000,0.755182,0.244818,0.693327,0.306673,0.637392,0.362608,0.879774,0.120226,0.623818,0.376182,0.733461,0.266539,0.802706,0.197294,0.975185,0.024815,0.782815,0.217185,0.659940,0.340060
0.765000,0.235000,0.094374,0.905626,0.693327,0.306673,0.637392,0.362608,0.879774,0.120226,0.623818,0.376182,0.733461,0.266539,0.757544,0.242456,0.089497,0.910503,0.782815,0.217185,0.659940,0.340060
0.130000,0.870000,0.000000,1.000000,0.000000,1.000000,0.000000,1.000000,0.000000,1.000000,0.000000,1.000000,0.000000,1.000000,0.000000,1.000000,0.000000,1.000000,0.000000,1.000000,0.000000,1.000000
0.355000,0.645000,0.113520,0.886480,0.693327,0.306673,0.637392,0.362608,0.879774,0.120226,0.623818,0.376182,0.733461,0.266539,0.802706,0.197294,0.975185,0.024815,0.782815,0.217185,0.659940,0.340060
0.150000,0.850000,0.000000,1.000000,0.000000,1.000000,0.000000,1.000000,0.000000,1.000000,0.000000,1.000000,0.000000,1.000000,0.000000,1.000000,0.000000,1.000000,0.000000,1.000000,0.000000,1.000000
0.755000,0.245000,0.564473,0.435527,0.693327,0.306673,0.637392,0.362608,0.879774,0.120226,0.623818,0.376182,0.999981,0.000019,0.802706,0.197294,0.975185,0.024815,0.782815,0.217185,0.659940,0.340060
0.755000,0.245000,0.077733,0.922267,0.693327,0.306673,0.637392,0.362608,0.879774,0.120226,0.623818,0.376182,0.989949,0.010051,0.802706,0.197294,0.975185,0.024815,0.782815,0.217185,0.659940,0.340060
0.590000,0.410000,0.517025,0.482975,0.693327,0.306673,0.637392,0.362608,0.879774,0.120226,0.623818,0.376182,0.733461,0.266539,0.802706,0.197294,0.975185,0.024815,0.782815,0.217185,0.000002,0.999998
0.455000,0.545000,0.594158,0.405842,0.693327,0.306673,0.637392,0.362608,0.879774,0.120226,0.623818,0.376182,0.733461,0.266539,0.050243,0.949757,0.975185,0.024815,0.782815,0.217185,0.659940,0.340060
0.450000,0.550000,0.176616,0.823384,0.693327,0.306673,0.637392,0.362608,0.879774,0.120226,0.623818,0.376182,0.941778,0.058222,0.802706,0.197294,0.975185,0.024815,0.782815,0.217185,0.659940,0.340060
0.705000,0.295000,0.714589,0.285411,0.693327,0.306673,0.637392,0.362608,0.879774,0.120226,0.623818,0.376182,0.996363,0.003637,0.802706,0.197294,0.975185,0.024815,0.782815,0.217185,0.659940,0.340060
0.460000,0.540000,0.101385,0.898615,0.693327,0.306673,0.637392,0.362608,0.879774,0.120226,0.623818,0.376182,0.733461,0.266539,0.802706,0.197294,0.975185,0.024815,0.782815,0.217185,0.659940,0.340060
0.195000,0.805000,0.302385,0.697615,0.693327,0.306673,0.637392,0.362608,0.879774,0.120226,0.623818,0.376182,0.733461,0.266539,0.802706,0.197294,0.975185,0.024815,0.782815,0.217185,0.659940,0.340060
0.810000,0.190000,0.623562,0.376438,0.693327,0.306673,0.637392,0.362608,0.879774,0.120226,0.623818,0.376182,0.997395,0.002605,0.802706,0.197294,0.975185,0.024815,0.782815,0.217185,0.659940,0.340060
0.335000,0.665000,0.405923,0.594077,0.693327,0.306673,0.637392,0.362608,0.879774,0.120226,0.623818,0.376182,0.733461,0.266539,0.802706,0.197294,0.975185,0.024815,0.782815,0.217185,0.000000,1.000000
0.860000,0.140000,0.034785,0.965215,0.693327,0.306673,0.637392,0.362608,0.879774,0.120226,0.623818,0.376182,0.733461,0.266539,0.802706,0.197294,0.000236,0.999764,0.782815,0.217185,0.659940,0.340060
0.775000,0.225000,1.000000,0.000000,1.000000,0.000000,1.000000,0.000000,1.000000,0.000000,1.000000,0.000000,1.000000,0.000000,1.000000,0.000000,1.000000,0.000000,1.000000,0.000000,1.000000,0.000000
0.650000,0.350000,0.071928,0.928072,0.693327,0.306673,0.637392,0.362608,0.879774,0.120226,0.623818,0.376182,0.733461,0.266539,0.802706,0.197294,0.975185,0.024815,0.782815,0.217185,0.659940,0.340060
0.415000,0.585000,0.839590,0.160410,0.693327,0.306673,0.637392,0.362608,0.879774,0.120226,0.623818,0.376182,0.733461,0.266539,0.802706,0.197294,0.975185,0.024815,0.782815,0.217185,0.659940,0.340060
0.340000,0.660000,0.519399,0.480601,0.693327,0.306673,0.637392,0.362608,0.879774,0.120226,0.623818,0.376182,0.733461,0.266539,0.802706,0.197294,0.975185,0.024815,0.782815,0.217185,0.659940,0.340060
0.145000,0.855000,0.000000,1.000000,1.000000,0.000000,0.000000,1.000000,0.000000,1.000000,1.000000,0.000000,0.000000,1.000000,0.000000,1.000000,0.000000,1.000000,0.000000,1.000000,0.000000,1.000000
0.115000,0.885000,0.000000,1.000000,0.000000,1.000000,0.000000,1.000000,0.000000,1.000000,0.000000,1.000000,0.000000,1.000000,0.000000,1.000000,0.000000,1.000000,0.000000,1.000000,0.000000,1.000000
0.460000,0.540000,0.117745,0.882255,0.693327,0.306673,0.637392,0.362608,0.879774,0.120226,0.623818,0.376182,0.733461,0.266539,0.802706,0.197294,0.975185,0.024815,0.782815,0.217185,0.659940,0.340060
0.460000,0.540000,0.182957,0.817043,0.693327,0.306673,0.637392,0.362608,0.879774,0.120226,0.623818,0.376182,0.733461,0.266539,0.802706,0.197294,0.975185,0.024815,0.782815,0.217185,0.659940,0.340060
0.820000,0.180000,0.026205,0.973795,0.693327,0.306673,0.637392,0.362608,0.879774,0.120226,0.623818,0.376182,0.733461,0.266539,0.735258,0.264742,0.000005,0.999995,0.782815,0.217185,0.240517,0.759483
0.360000,0.640000,0.143267,0.856733,0.693327,0.306673,0.637392,0.362608,0.879774,0.120226,0.623818,0.376182,0.733461,0.266539,0.802706,0.197294,0.975185,0.024815,0.782815,0.217185,0.659940,0.340060
0.145000,0.855000,0.000000,1.000000,0.000000,1.000000,0.000000,1.000000,0.000000,1.000000,0.000000,1.000000,0.000000,1.000000,0.000000,1.000000,0.000000,1.000000,0.000000,1.000000,0.000000,1.000000
0.110000,0.890000,0.000000,1.000000,0.000000,1.000000,0.000000,1.000000,0.000000,1.000000,0.000000,1.000000,0.000000,1.000000,0.000000,1.000000,0.000000,1.000000,0.000000,1.000000,0.000000,1.000000
0.760000,0.240000,0.225674,0.774326,0.693327,0.306673,0.637392,0.362608,0.879774,0.120226,0.623818,0.376182,0.733461,0.266539,0.802706,0.197294,0.975185,0.024815,0.782815,0.217185,0.659940,0.340060
0.260000,0.740000,0.291792,0.708208,0.693327,0.306673,0.637392,0.362608,0.879774,0.120226,0.623818,0.376182,0.733461,0.266539,0.453494,0.546506,0.393120,0.606880,0.782815,0.217185,0.659940,0.340060
0.320000,0.680000,0.325255,0.674745,0.693327,0.306673,0.637392,0.362608,0.879774,0.120226,0.623818,0.376182,0.733461,0.266539,0.802706,0.197294,0.975185,0.024815,0.782815,0.217185,0.000000,1.000000
0.770000,0.230000,0.961263,0.038737,0.693327,0.306673,0.637392,0.362608,0.879774,0.120226,0.623818,0.376182,0.999356,0.000644,0.802706,0.197294,0.975185,0.024815,0.782815,0.217185,0.659940,0.340060
0.780000,0.220000,0.030180,0.969820,0.693327,0.306673,0.637392,0.362608,0.879774,0.120226,0.623818,0.376182,0.733461,0.266539,0.802706,0.197294,0.000164,0.999836,0.782815,0.217185,0.659940,0.340060
0.870000,0.130000,1.000000,0.000000,1.000000,0.000000,1.000000,0.000000,1.000000,0.000000,1.000000,0.000000,1.000000,0.000000,1.000000,0.000000,1.000000,0.000000,1.000000,0.000000,1.000000,0.000000
0.890000,0.110000,1.000000,0.000000,1.000000,0.000000,1.000000,0.000000,1.000000,0.000000,1.000000,0.000000,1.000000,0.000000,1.000000,0.000000,1.000000,0.000000,1.000000,0.000000,1.000000,0.000000
0.190000,0.810000,0.000000,1.000000,1.000000,0.000000,1.000000,0.000000,0.000000,1.000000,0.000000,1.000000,0.000000,1.000000,0.000000,1.000000,1.000000,0.000000,0.000000,1.000000,0.000000,1.000000
0.775000,0.225000,0.334531,0.665469,0.693327,0.306673,0.637392,0.362608,0.879774,0.120226,0.623818,0.376182,0.733461,0.266539,0.000106,0.999894,0.600421,0.399579,0.782815,0.217185,0.659940,0.340060
0.885000,0.115000,1.000000,0.000000,1.000000,0.000000,1.000000,0.000000,1.000000,0.000000,1.000000,0.000000,1.000000,0.000000,1.000000,0.000000,1.000000,0.000000,0.000000,1.000000,1.000000,0.000000
0.475000,0.525000,0.383173,0.616827,0.693327,0.306673,0.637392,0.362608,0.879774,0.120226,0.623818,0.376182,0.733461,0.266539,0.718875,0.281125,0.348749,0.651251,0.782815,0.217185,0.659940,0.340060
0.160000,0.840000,1.000000,0.000000,1.000000,0.000000,1.000000,0.000000,1.000000,0.000000,1.000000,0.000000,1.000000,0.000000,1.000000,0.000000,1.000000,0.000000,0.000000,1.000000,1.000000,0.000000
